1022041
510479
340548
255049
204377
170129
146406
128462
113009
101662
93283
85135
78719
73167
68517
63437
60068
56965
53714
51350
48707
46671
44591
42341
40919
39322
37332
36563
35033
33910
33052
31709
30698
30257
29361
28657
27759
26941
26076
25483
24691
24334
23828
23167
22533
22422
21612
21308
20895
20416
19975
19540
19080
18711
18776
18445
17920
17501
17377
17045
16812
16712
16178
16026
15637
15400
15367
14927
14824
14579
14115
14055
14166
13914
13792
13482
13125
13174
13214
12805
12719
12531
12105
12003
12044
11955
11784
11517
11472
11633
11098
11292
10895
10873
10850
10785
10464
10256
10375
10257
10112
10088
9938
9751
9681
9684
9618
9679
9474
9307
9170
9154
9037
8927
8930
8923
8671
8617
8468
8651
8561
8445
8423
8158
8227
8253
8055
7883
8064
7802
7877
7712
7721
7617
7549
7376
7371
7242
7399
7200
7423
7063
7046
7093
7115
7050
6930
6927
6847
6789
6717
6765
6803
6745
6545
6467
6455
6307
6453
6325
6340
6232
6240
6322
6227
6084
6126
6161
6013
6058
5998
6061
5862
5976
5813
5770
5739
5857
5746
5578
5685
5530
5552
5607
5548
5522
5492
5434
5451
5278
5323
5220
5301
5261
5204
5190
5255
5322
5249
5076
5301
5043
4923
4929
5106
5039
4999
5057
4905
4920
5003
4854
4835
4744
4828
4673
4696
4749
4635
4615
4672
4703
4568
4599
4562
4495
4365
4482
4595
4348
4418
4410
4393
4409
4281
4357
4210
4302
4314
4405
4210
4290
4245
4236
4230
4171
4221
4174
4169
4112
4073
4071
3986
4158
3847
3998
3975
4008
4015
3886
3818
3864
3888
3987
3738
3829
3893
3722
3806
3885
3773
3769
3630
3724
3690
3700
3713
3716
3689
3656
3656
3678
3636
3555
3662
3579
3523
3498
3505
3370
3551
3643
3520
3404
3373
3549
3428
3510
3418
3339
3407
3429
3454
3461
3393
3433
3290
3294
3381
3297
3265
3273
3280
3252
3274
3244
3264
3151
3234
3226
3210
3180
3179
3147
3198
3162
3145
3074
3143
3077
3046
3082
3033
3002
3173
3030
3066
3004
2987
3005
2990
2997
2913
3102
2831
2855
2884
2940
2893
2862
2804
2866
2911
2998
2955
2811
2924
2852
2818
2850
2877
2769
2840
2744
2794
2726
2806
2702
2823
2778
2768
2774
2763
2748
2769
2743
2784
2675
2720
2514
2620
2677
2697
2610
2722
2521
2728
2615
2570
2658
2572
2572
2643
2693
2574
2683
2609
2535
2544
2563
2478
2568
2563
2543
2443
2562
2543
2500
2576
2415
2497
2482
2444
2454
2382
2412
2515
2436
2444
2368
2455
2388
2414
2358
2442
2347
2286
2432
2375
2328
2411
2375
2366
2349
2323
2317
2370
2385
2302
2302
2288
2234
2265
2339
2228
2238
2238
2172
2206
2318
2224
2283
2215
2229
2256
2289
2297
2243
2223
2196
2245
2100
2236
2172
2176
2161
2162
2049
2137
2102
2148
2130
2193
2101
2103
2082
2161
2091
2111
2201
2105
2144
2051
2159
2038
2088
2041
2138
2067
2035
2145
2008
2091
2052
2045
2045
2037
2089
2049
2085
1987
2036
2024
2108
1998
1953
2085
2013
1977
2032
2012
1957
1978
1931
1962
1940
1946
1949
1932
2023
1924
1861
1992
1938
1898
1916
1981
1959
1944
1947
1911
1973
1924
1949
1863
1894
1937
1883
1880
1943
1923
1860
1900
1933
1931
1888
1831
1888
1829
1902
1792
1817
1761
1835
1871
1802
1836
1838
1794
1831
1715
1787
1791
1767
1774
1799
1773
1807
1820
1799
1780
1764
1753
1772
1771
1764
1781
1766
1782
1784
1745
1776
1720
1783
1657
1760
1766
1772
1762
1791
1760
1644
1706
1714
1630
1650
1682
1696
1707
1651
1659
1680
1651
1738
1664
1654
1601
1669
1632
1695
1683
1683
1707
1710
1660
1591
1562
1633
1695
1644
1602
1554
1732
1670
1738
1634
1559
1597
1636
1591
1615
1652
1603
1597
1619
1672
1642
1660
1589
1623
1572
1581
1654
1648
1505
1581
1627
1627
1577
1543
1564
1577
1579
1618
1558
1571
1504
1519
1514
1621
1542
1529
1479
1507
1494
1544
1523
1502
1488
1508
1522
1494
1476
1449
1555
1521
1453
1436
1515
1460
1572
1504
1454
1511
1515
1485
1477
1444
1485
1485
1442
1436
1533
1486
1452
1518
1464
1507
1440
1460
1488
1418
1443
1428
1388
1396
1433
1504
1412
1448
1428
1452
1444
1410
1422
1421
1390
1460
1434
1455
1453
1411
1428
1362
1418
1411
1365
1437
1394
1466
1397
1475
1344
1420
1401
1397
1399
1356
1390
1360
1312
1410
1367
1405
1353
1322
1423
1376
1407
1355
1307
1304
1307
1376
1330
1397
1336
1333
1345
1327
1425
1340
1303
1349
1368
1313
1268
1329
1346
1314
1353
1377
1343
1334
1369
1359
1233
1274
1341
1223
1282
1319
1321
1284
1283
1245
1315
1267
1319
1323
1223
1284
1246
1282
1279
1299
1279
1205
1239
1297
1383
1289
1290
1226
1263
1260
1280
1254
1231
1188
1199
1219
1282
1235
1223
1243
1230
1282
1249
1265
1209
1204
1198
1250
1183
1226
1220
1216
1254
1243
1257
1241
1207
1205
1316
1164
1242
1202
1219
1151
1204
1285
1191
1227
1179
1212
1242
1188
1251
1257
1173
1200
1179
1245
1217
1212
1195
1180
1169
1184
1132
1185
1179
1197
1180
1180
1179
1194
1204
1159
1182
1176
1173
1173
1107
1194
1188
1150
1181
1146
1191
1147
1180
1151
1131
1152
1070
1161
1152
1175
1187
1102
1195
1154
1130
1072
1146
1123
1131
1148
1102
1122
1136
1161
1097
1130
1140
1147
1125
1135
1156
1171
1141
1140
1120
1151
1120
1186
1164
1107
1147
1176
1111
1121
1140
1075
1087
1073
1054
1092
1003
1093
1133
1068
1082
1066
1117
1084
1059
1111
1043
1045
1107
1073
1083
1073
1080
1106
1080
1142
1027
1115
1030
1066
1048
1061
1023
1064
1108
1087
1084
988
1106
1074
1124
1054
1097
1023
1053
1065
1037
1015
1046
1046
1120
1008
1062
1025
1096
1043
1024
974
1057
1004
1039
1036
1057
1002
1014
1029
1044
1075
1034
1034
1012
1009
999
1044
1034
975
983
1032
1086
1046
1025
1052
1039
1007
982
995
1035
999
1003
978
972
930
1030
1024
977
957
996
1076
931
1045
1048
949
964
1029
1013
940
939
960
1025
1011
985
1007
964
1019
965
1019
963
995
972
989
987
979
950
1008
909
973
954
967
978
969
975
955
962
1033
1009
951
954
956
939
970
927
935
1030
962
988
987
982
938
935
938
987
947
960
980
930
953
964
935
962
934
930
940
966
895
919
990
876
948
928
988
918
923
915
935
976
922
924
935
954
882
922
944
950
873
940
910
912
931
938
883
923
889
918
943
903
878
892
872
944
890
904
896
916
909
833
929
892
885
895
941
889
900
855
883
931
880
871
920
909
921
904
920
916
907
886
849
910
912
926
842
914
911
912
872
862
884
881
853
894
914
892
939
878
843
829
882
858
844
893
861
866
848
828
915
836
839
865
814
880
907
876
908
805
905
853
900
801
860
909
900
879
843
860
824
837
851
846
895
864
828
815
851
916
841
799
877
836
837
830
873
860
847
805
863
843
893
844
809
839
856
808
879
815
847
783
849
863
821
806
836
838
859
795
908
781
740
937
840
839
833
825
802
827
831
830
809
861
804
801
861
780
796
818
809
745
782
812
813
851
792
799
788
791
802
759
856
796
785
802
800
791
735
806
789
817
857
741
822
856
789
752
776
712
810
749
762
777
805
776
824
772
806
747
815
780
787
770
806
815
756
805
757
801
820
788
763
804
753
779
728
784
776
714
784
776
765
766
790
847
755
735
794
781
735
772
768
748
733
775
827
764
768
749
767
762
796
775
734
737
767
771
735
779
747
765
704
805
755
727
758
756
782
754
728
734
785
758
740
744
756
747
786
744
733
737
753
751
742
753
739
742
779
716
705
712
795
719
757
701
718
752
723
744
727
710
728
705
739
706
750
725
779
714
755
753
766
719
744
719
712
728
736
702
747
689
761
694
747
698
730
701
705
727
736
730
711
748
699
744
733
694
738
711
720
714
673
724
741
781
692
709
780
691
731
744
627
697
708
732
684
705
666
699
695
709
707
708
678
707
691
669
683
683
665
740
671
746
754
722
709
686
689
690
649
703
708
647
642
686
706
713
670
684
722
670
710
707
694
650
660
695
731
704
704
680
695
649
699
669
692
682
681
681
697
681
635
669
703
716
659
697
620
670
619
675
643
650
684
662
689
678
715
726
712
691
670
719
612
680
634
650
698
656
626
624
674
672
691
659
687
628
683
623
626
631
640
664
668
696
709
685
669
627
688
653
656
675
615
662
661
623
657
629
656
685
661
670
635
643
636
646
687
628
676
621
687
645
658
663
639
654
644
683
626
622
646
671
640
637
618
594
645
594
627
649
633
615
622
633
632
683
604
645
624
650
666
648
649
636
650
677
630
658
633
642
618
619
617
664
621
626
660
625
669
622
671
635
637
644
658
615
632
617
616
610
643
661
641
613
606
686
634
596
664
606
624
618
604
616
639
607
642
624
630
631
637
611
599
643
615
659
630
612
633
612
602
615
648
607
585
638
625
585
601
590
587
609
611
677
598
568
617
607
590
646
603
640
615
596
576
573
599
671
573
622
707
602
633
626
583
616
587
607
604
591
572
593
595
578
617
594
600
595
579
593
572
581
607
602
605
551
579
564
625
579
609
593
603
632
574
599
582
580
554
601
581
575
591
574
639
570
612
642
551
607
610
566
533
572
587
569
566
536
554
584
580
603
593
564
580
559
614
612
560
562
622
596
578
594
541
596
625
587
589
607
549
521
597
562
537
579
571
548
577
584
567
558
625
618
561
573
567
578
576
614
602
552
543
607
546
575
607
573
540
578
587
531
538
626
571
541
551
557
550
543
539
558
567
582
591
552
566
555
542
541
580
560
582
553
564
534
567
572
572
526
569
578
492
553
558
559
548
597
578
524
548
575
580
544
509
572
537
525
584
572
550
561
565
530
532
543
565
520
563
559
529
555
535
498
523
551
569
539
606
568
548
537
517
530
552
574
496
530
552
556
580
517
535
532
568
522
549
538
533
550
542
527
576
535
565
513
542
572
482
534
518
527
562
513
512
553
575
559
579
528
552
582
573
521
546
549
527
518
500
514
549
503
505
504
543
549
472
514
503
501
560
519
514
543
525
537
550
510
526
557
572
541
542
522
515
519
518
562
511
517
525
499
528
565
546
531
521
561
511
541
569
529
530
515
497
503
521
548
535
511
521
512
487
549
530
568
529
526
498
515
488
497
509
525
510
524
489
540
541
540
491
502
518
476
533
521
508
540
490
513
527
473
510
531
510
498
544
509
530
520
548
501
509
536
497
480
513
532
515
537
501
477
498
454
527
479
526
524
506
481
502
492
543
500
487
481
511
508
507
505
529
525
515
461
469
515
500
500
513
476
511
496
513
472
495
481
550
515
496
523
544
513
480
503
512
528
513
505
460
483
459
480
489
503
497
477
514
497
556
494
485
458
519
474
531
487
487
464
488
487
510
518
454
509
483
495
474
465
503
484
498
509
484
442
491
498
488
528
466
481
510
427
467
491
488
476
492
483
491
470
472
477
496
473
466
500
474
468
479
479
500
444
439
474
482
461
478
442
476
460
483
463
473
481
479
416
423
499
488
476
480
457
461
454
464
495
449
511
497
469
449
514
451
470
483
489
459
459
515
492
467
509
498
478
471
458
476
493
475
467
521
501
448
477
468
470
475
436
476
440
493
470
481
505
505
464
479
470
472
453
424
478
515
490
445
461
459
448
494
468
442
451
470
437
497
441
449
469
494
426
454
496
436
440
466
467
457
479
420
440
483
443
440
495
456
440
425
479
443
467
423
432
506
440
441
411
469
449
427
458
427
414
504
472
452
481
433
422
480
510
461
460
442
423
468
446
482
424
493
391
472
465
463
444
467
471
482
462
442
454
455
438
436
437
485
405
446
449
416
424
451
412
446
438
480
467
418
438
438
462
471
437
468
437
449
440
448
455
465
466
439
474
430
413
423
436
435
437
419
465
424
455
443
455
456
425
430
443
419
436
470
449
442
412
424
421
429
432
434
423
456
435
456
429
428
422
415
430
442
443
414
457
472
421
404
429
420
455
413
407
422
483
455
419
428
451
439
480
433
467
403
408
415
457
404
428
430
419
431
454
442
417
466
423
447
403
416
421
405
455
429
414
411
435
426
454
441
454
414
443
476
450
416
414
447
406
459
442
417
460
434
429
422
364
441
411
420
432
449
410
454
434
426
402
408
395
435
419
414
435
412
411
419
453
399
446
412
409
442
437
384
435
400
430
411
417
424
433
369
415
401
458
432
405
425
395
385
421
411
399
390
393
463
408
420
380
442
459
448
419
406
378
442
435
436
427
420
380
406
429
409
405
389
378
426
415
391
431
450
430
428
379
366
389
374
415
401
409
418
366
457
385
376
379
395
377
409
400
406
435
408
404
386
395
415
406
418
371
407
398
392
411
422
435
396
404
399
399
411
397
453
373
392
396
381
415
361
375
411
399
379
377
450
402
385
407
402
425
409
397
404
408
386
364
433
404
340
369
381
372
431
387
383
403
401
392
423
402
402
387
396
400
373
411
389
427
393
432
395
396
406
391
420
395
379
388
394
374
400
396
408
410
398
362
380
390
421
421
403
401
415
378
366
384
413
391
428
417
407
377
376
362
387
410
388
391
387
383
389
395
370
405
390
416
380
392
397
401
438
379
372
364
382
387
398
385
385
375
387
385
371
376
370
396
410
368
423
403
364
394
378
337
371
397
404
406
375
354
403
365
396
387
388
412
405
368
383
367
377
368
382
397
408
381
381
363
384
358
396
369
382
368
408
379
341
371
402
354
392
402
352
393
364
413
356
371
367
375
361
410
384
363
363
379
413
387
350
400
393
360
386
371
391
364
391
359
357
349
386
338
364
358
369
363
372
389
408
356
365
342
395
373
398
367
357
383
376
363
384
389
375
416
365
396
351
368
382
339
390
366
395
365
348
359
364
390
383
361
353
363
369
384
429
329
355
373
343
366
382
345
355
362
330
407
345
370
353
391
362
392
357
355
365
391
366
400
386
360
351
363
376
415
371
348
386
411
330
396
359
381
363
352
356
389
346
359
370
366
381
366
362
341
395
344
395
339
380
382
347
332
350
391
329
362
327
370
355
338
363
357
359
348
403
321
361
378
350
372
356
379
363
364
345
355
379
348
339
376
394
363
367
365
354
344
330
373
350
353
371
350
366
348
356
390
335
389
361
379
346
375
358
350
366
319
368
335
359
341
324
363
345
358
332
376
355
350
374
373
366
338
347
355
355
364
353
368
362
378
387
329
396
344
355
336
324
340
343
360
348
353
352
364
335
314
364
367
351
360
350
342
309
337
329
324
345
319
358
370
348
362
343
386
350
360
350
319
337
353
338
331
332
340
358
366
332
345
342
352
362
321
392
374
348
348
355
366
330
352
322
336
339
336
356
335
382
340
318
366
344
363
335
370
351
338
391
339
336
321
359
333
359
319
324
326
327
344
345
318
345
336
325
369
345
354
354
325
324
325
338
325
347
357
325
351
344
345
340
337
297
373
367
356
334
356
336
329
349
331
337
358
350
319
341
325
376
354
350
304
342
322
360
283
303
335
330
342
296
321
328
353
339
314
353
317
350
346
348
337
328
348
336
335
330
321
352
333
339
361
342
361
323
334
375
320
344
324
359
331
338
303
357
359
309
324
324
357
329
336
294
324
340
349
326
328
339
329
323
327
337
335
309
328
326
349
359
337
328
330
329
366
346
311
324
307
323
336
328
340
330
358
325
323
387
324
349
338
327
335
325
335
349
328
321
313
334
383
349
310
339
317
314
301
311
334
341
350
351
309
285
302
336
340
347
291
333
344
337
300
306
320
317
278
298
318
375
343
302
328
326
343
342
308
321
306
325
345
306
321
322
326
331
288
360
331
315
334
370
285
317
297
331
325
346
324
312
306
340
325
327
348
302
345
288
312
308
328
366
323
319
319
323
324
333
344
331
327
319
307
334
315
311
302
301
301
307
356
298
329
310
352
328
325
327
303
315
338
307
325
309
317
299
280
316
298
321
304
323
301
317
323
350
320
307
290
308
314
358
315
318
315
298
331
345
301
307
309
343
315
342
300
309
294
307
327
304
303
301
308
315
309
334
321
336
299
319
314
302
318
324
312
320
319
313
295
323
289
314
327
328
288
309
309
293
296
313
300
319
290
296
309
290
324
290
304
303
313
289
340
323
341
326
320
305
309
310
301
297
310
296
318
295
342
326
306
309
323
314
325
297
282
315
314
247
301
276
289
316
291
305
337
289
332
342
293
302
295
284
285
293
305
340
285
294
292
297
327
287
314
313
307
334
312
302
301
298
297
295
304
290
290
314
291
285
314
312
298
282
265
287
342
283
303
314
339
312
313
310
306
292
280
327
311
311
299
306
303
325
315
300
296
320
305
345
300
294
319
295
316
303
285
322
271
307
294
287
303
327
311
306
335
302
289
323
304
303
292
304
341
287
298
263
274
271
312
273
277
304
275
278
286
289
292
308
264
313
294
283
315
320
276
318
295
279
286
301
287
312
336
290
303
288
297
269
270
281
293
271
311
305
322
276
289
298
291
283
285
282
318
296
317
325
259
314
266
290
292
310
314
301
260
287
309
276
297
293
301
278
285
276
287
284
287
294
304
286
287
290
284
305
329
268
286
294
299
259
279
277
235
306
291
280
280
281
296
285
302
298
297
286
284
279
301
296
299
269
288
278
299
305
294
275
275
266
288
281
293
279
309
287
299
265
308
268
295
325
322
277
284
292
274
311
308
318
280
292
271
277
296
304
288
298
311
286
263
286
283
291
302
271
291
307
281
278
288
275
261
316
304
245
294
298
284
269
281
307
290
284
280
294
295
284
274
286
300
266
295
268
304
248
292
254
305
313
260
291
300
275
278
280
284
283
295
295
294
288
273
291
286
261
272
298
272
273
293
296
256
280
312
261
273
283
286
284
255
287
303
273
301
303
269
265
297
318
274
274
281
253
285
286
274
314
265
263
295
283
260
301
263
269
279
306
263
267
282
254
261
276
278
283
283
291
266
259
283
268
254
278
309
266
281
277
280
295
291
277
290
272
269
272
274
283
283
286
281
265
284
252
291
274
254
301
274
234
263
284
282
279
278
257
260
247
289
259
274
260
300
311
268
251
268
282
264
270
303
265
258
281
285
304
249
267
276
251
291
269
290
259
266
276
263
279
259
279
266
265
283
274
282
298
306
283
293
248
251
274
277
276
281
294
277
266
279
250
284
273
305
274
282
254
279
247
249
280
279
270
282
278
270
275
251
253
275
277
219
243
260
268
271
289
266
285
288
251
288
264
272
321
267
263
289
269
271
248
263
273
286
263
233
254
262
267
269
261
244
276
259
278
247
290
273
270
264
255
256
258
275
271
260
274
272
265
267
249
273
269
283
280
297
298
261
274
270
259
264
274
251
272
237
243
268
264
262
246
296
237
266
259
281
269
254
277
256
268
284
267
274
262
270
258
252
265
281
241
268
247
280
289
240
267
239
249
263
232
257
266
263
250
247
245
245
271
281
272
236
262
275
263
275
265
241
264
280
282
254
257
257
271
273
233
268
264
274
254
277
248
241
231
251
277
276
281
301
280
273
254
264
261
269
240
280
247
261
249
275
258
275
255
254
250
281
265
260
248
265
254
243
254
260
267
257
240
248
292
267
270
273
252
218
257
241
273
257
262
243
256
241
261
259
239
245
252
258
239
244
265
230
256
260
240
237
208
258
230
271
236
228
237
274
246
264
232
251
287
276
248
258
258
252
270
243
258
247
243
230
227
265
243
227
255
296
241
261
258
233
244
264
218
271
238
264
240
248
275
253
258
267
254
223
264
251
230
245
251
223
236
218
248
251
249
241
268
266
247
244
242
249
246
259
258
257
269
269
248
230
264
250
221
236
259
249
265
240
236
249
282
248
242
255
254
243
277
255
259
247
262
283
260
234
254
232
251
236
250
264
261
273
253
260
250
271
274
247
242
247
266
238
260
232
260
248
255
243
229
279
256
239
261
243
259
261
265
247
239
230
265
260
225
255
257
237
255
249
234
252
273
237
220
226
231
262
234
262
257
266
257
230
256
253
216
224
247
255
245
257
237
262
224
255
249
252
236
250
269
277
216
253
236
249
237
258
239
232
230
217
271
242
261
224
237
232
239
230
252
215
226
245
263
247
244
240
255
251
234
243
253
249
202
217
254
234
240
259
226
249
230
246
260
216
241
227
227
253
260
231
233
263
241
240
245
240
250
266
264
229
239
256
250
217
240
250
219
241
245
231
239
247
251
212
235
251
258
223
239
227
254
236
252
180
264
244
246
244
234
236
235
215
230
233
260
222
246
233
271
242
219
236
254
235
205
239
216
216
213
251
259
240
265
258
212
243
231
260
229
238
223
255
239
270
233
227
227
218
252
246
244
247
252
229
227
237
230
233
225
259
236
230
250
243
206
233
237
248
227
230
229
255
254
250
232
225
238
256
242
221
229
235
221
256
246
239
200
235
227
225
232
231
238
224
246
229
244
261
245
249
231
249
245
256
218
223
196
227
251
225
265
247
225
246
249
241
211
243
240
223
273
221
235
264
231
240
211
223
235
243
232
250
241
209
223
211
206
233
241
238
244
255
227
222
231
252
253
246
246
227
227
229
227
206
214
241
246
214
224
239
238
260
220
227
218
208
222
231
241
229
217
233
211
224
230
234
220
236
204
216
237
224
213
261
249
230
221
234
234
252
229
227
222
248
237
221
241
240
240
267
212
249
241
216
227
222
236
228
221
229
230
252
251
237
220
226
226
243
236
259
222
211
228
225
248
235
229
230
226
256
208
239
239
245
202
203
232
225
219
243
235
227
214
226
212
208
245
245
224
252
218
205
249
214
234
224
202
212
216
214
235
221
214
233
211
227
261
216
236
203
248
248
243
214
211
208
241
226
241
220
212
236
261
215
212
233
259
220
222
246
212
189
242
225
201
235
255
218
245
216
214
229
195
219
199
251
241
227
239
237
226
205
223
243
228
202
214
243
229
230
225
221
234
220
235
213
216
218
214
247
250
219
222
206
243
224
218
219
240
217
213
214
198
230
226
206
235
207
222
200
236
232
223
240
257
199
235
227
244
229
243
198
214
239
224
233
206
232
192
232
219
237
244
197
199
204
199
217
236
213
225
216
240
221
238
222
224
219
228
237
222
268
209
261
208
249
221
232
242
197
215
198
189
215
225
182
220
197
213
206
233
216
205
234
206
218
202
220
212
231
205
245
224
232
214
216
228
203
222
210
262
230
213
229
216
234
228
220
217
216
219
219
213
211
196
221
210
238
219
224
201
212
218
210
220
244
235
227
213
204
230
198
226
222
210
186
221
218
236
243
212
222
208
211
205
216
193
205
220
211
225
214
215
226
199
245
217
203
207
220
200
231
209
196
203
232
232
231
194
222
223
210
237
219
196
257
215
204
202
186
199
200
269
217
237
203
204
183
202
227
201
218
214
207
219
213
232
224
220
221
202
217
220
248
214
214
235
194
213
208
217
261
209
212
211
213
196
211
212
232
225
217
224
227
195
232
192
218
217
201
204
200
214
195
217
209
182
242
210
225
205
214
210
231
209
190
201
217
227
217
219
208
218
225
209
209
227
197
199
214
198
205
195
241
193
215
225
250
228
232
203
205
217
209
215
214
225
213
228
190
221
231
207
217
193
201
183
219
217
201
208
184
217
238
201
221
183
213
234
188
209
206
196
212
204
222
229
200
215
211
199
202
194
205
229
205
191
218
221
186
219
206
213
209
217
220
204
203
217
217
215
212
171
199
181
230
218
183
215
197
203
209
196
181
204
201
207
221
211
192
184
219
201
207
210
189
206
222
207
192
212
207
210
187
199
219
200
201
197
205
206
217
207
204
202
235
186
192
201
204
203
206
209
240
184
203
213
211
194
200
201
203
186
196
207
166
206
211
187
210
218
202
227
221
202
196
177
221
233
222
212
208
206
196
220
217
227
200
214
220
226
210
194
209
196
217
185
226
198
190
212
195
204
190
220
200
210
197
214
220
195
184
187
193
197
213
218
237
201
209
193
194
187
194
204
198
211
210
210
202
195
191
191
220
212
193
189
215
231
197
209
209
198
194
198
212
206
210
207
190
197
188
203
215
207
193
191
192
198
199
190
200
188
194
194
213
201
184
202
206
213
209
210
192
206
197
180
203
178
224
221
189
209
190
214
193
205
201
195
199
191
187
195
190
223
179
191
233
184
204
215
201
195
198
188
176
195
186
173
223
174
189
220
201
166
205
174
224
185
197
225
195
198
186
170
195
206
205
205
210
190
195
178
211
195
212
180
198
206
196
180
198
197
222
213
175
187
206
200
195
201
193
209
219
178
205
177
187
189
202
178
194
234
224
201
184
193
192
188
198
209
207
203
171
174
195
197
199
245
203
192
186
207
208
209
197
188
208
189
223
206
200
191
227
223
233
201
209
177
194
227
182
190
195
222
197
201
197
182
207
201
197
198
175
195
178
186
213
209
173
197
203
180
172
191
191
179
176
192
206
237
196
207
184
210
203
208
199
204
204
183
200
198
196
193
195
167
169
192
186
190
170
180
171
206
192
214
203
190
172
186
220
204
227
192
181
193
196
196
192
206
205
214
223
199
214
216
208
227
210
187
191
195
184
213
189
177
222
186
187
195
217
183
199
183
172
167
187
199
182
166
198
215
194
159
194
181
179
188
197
184
197
163
193
204
202
197
202
187
175
211
209
181
218
179
197
176
190
210
176
213
197
191
196
187
193
187
201
189
212
198
169
200
183
169
183
208
178
199
194
181
222
169
189
200
168
195
208
171
205
190
184
229
205
206
202
188
192
218
194
186
173
182
181
178
180
204
194
204
195
186
176
174
170
192
192
215
179
184
198
181
190
181
158
195
207
201
212
206
176
195
195
195
193
209
185
214
207
204
189
180
197
190
176
199
177
190
169
192
185
198
192
200
216
194
197
178
202
177
181
174
174
218
185
175
188
184
184
166
215
167
167
190
193
181
183
202
188
179
209
172
226
212
210
169
209
188
183
183
185
198
182
203
196
199
171
185
183
168
165
170
176
196
209
196
158
168
163
197
152
174
176
175
167
184
209
167
213
209
191
170
191
233
192
201
196
186
203
188
191
193
192
195
201
172
195
167
184
188
183
186
183
199
199
194
184
161
226
205
212
185
190
167
177
176
180
178
161
184
191
187
203
187
172
159
173
197
159
218
190
182
172
192
166
190
175
167
178
191
171
192
192
168
196
176
215
161
199
188
179
184
191
182
172
171
192
182
188
184
196
179
189
182
185
182
203
173
187
184
179
165
167
178
199
199
195
196
181
171
180
197
187
157
171
214
184
183
167
227
198
160
177
225
172
183
189
167
176
209
180
184
172
184
173
153
197
184
179
201
178
156
189
179
185
160
183
180
168
157
178
195
178
197
175
182
177
192
178
162
178
169
197
190
194
191
179
178
189
173
172
192
190
177
171
166
180
192
194
195
168
179
183
177
186
181
185
187
151
167
181
179
182
184
202
193
186
183
203
180
184
165
183
171
181
169
167
159
159
196
184
191
184
171
169
172
189
165
177
174
188
180
187
195
185
185
189
180
159
188
198
167
181
168
184
161
187
182
165
192
218
176
174
148
163
198
184
202
174
179
183
196
184
182
203
176
197
161
171
173
179
164
175
197
192
173
158
179
185
181
175
185
167
182
164
171
184
189
177
200
183
164
173
174
195
180
176
174
161
188
181
167
187
179
165
183
182
177
198
155
181
175
155
172
188
158
192
186
181
165
184
171
184
153
149
186
198
164
158
202
164
199
165
158
187
175
196
178
190
159
179
165
189
196
168
155
154
187
178
166
203
199
161
170
167
165
178
173
185
193
173
166
192
162
174
182
153
172
178
183
179
213
186
166
183
173
197
182
156
166
181
181
183
196
163
153
154
183
176
165
174
194
192
181
195
183
184
184
183
176
188
171
175
170
194
175
186
177
165
174
179
186
176
154
170
177
182
205
177
175
165
158
195
151
181
178
153
186
173
180
156
190
156
167
182
168
170
162
187
174
171
186
179
174
174
195
161
180
162
169
179
186
164
161
156
154
158
161
140
167
173
181
181
179
158
183
166
183
161
175
192
178
162
150
192
173
168
169
147
150
173
195
163
189
173
155
173
176
189
188
178
158
169
181
172
161
183
190
176
148
165
158
165
187
175
205
172
171
186
192
172
206
182
190
175
161
181
174
174
169
180
208
184
179
194
167
152
176
177
184
165
189
161
155
180
164
169
171
183
159
167
178
169
156
158
162
181
155
174
167
161
186
183
166
161
151
179
165
184
177
181
160
180
167
202
169
163
162
147
164
159
172
184
171
162
184
159
183
149
152
155
165
195
179
185
151
164
155
154
171
168
157
158
174
179
169
193
172
182
163
152
166
182
171
174
149
179
168
170
167
178
154
167
178
168
153
153
156
160
141
156
195
193
157
159
161
172
166
157
168
171
140
158
163
158
152
174
164
187
149
155
185
156
172
177
166
160
177
170
151
155
173
181
191
174
165
169
181
154
179
173
166
179
138
144
163
157
165
142
158
169
173
157
167
156
171
162
147
156
167
173
199
180
187
164
185
160
154
177
173
138
161
169
157
166
148
170
163
162
164
172
165
138
177
174
173
165
181
168
181
154
165
171
171
158
142
177
171
165
177
150
163
160
165
162
168
175
135
166
163
159
158
142
163
188
172
163
171
162
165
153
173
167
139
146
147
163
158
147
160
155
175
159
148
150
177
161
154
152
159
161
165
170
170
154
164
135
154
160
142
182
175
172
169
180
152
161
162
169
150
173
130
161
162
192
169
147
173
137
150
155
131
153
157
152
154
119
160
160
148
168
169
169
169
174
161
153
173
161
158
140
150
172
136
170
140
174
184
156
184
166
137
175
166
172
169
158
147
137
154
149
175
165
170
144
156
153
162
170
154
145
155
162
144
161
177
165
153
126
164
173
159
176
184
154
152
163
150
167
159
155
139
171
149
160
156
152
161
150
159
151
184
153
178
180
173
159
191
162
143
173
188
174
170
163
158
181
145
170
151
140
156
154
173
173
180
169
153
173
146
156
162
154
137
180
148
167
159
177
157
151
144
154
158
181
177
149
175
170
153
165
141
162
173
159
150
162
158
154
165
156
183
163
140
170
142
165
171
176
148
151
153
153
152
185
162
144
152
152
178
151
155
179
176
172
157
145
144
178
146
150
157
144
178
169
170
152
163
160
150
157
156
143
163
154
164
151
167
164
132
159
153
177
176
146
164
160
135
189
149
154
157
153
141
157
137
142
159
125
174
156
171
165
151
176
156
160
150
163
174
172
161
151
159
182
163
145
153
150
138
181
161
167
162
155
140
150
169
161
168
186
158
145
179
167
152
145
133
142
157
158
138
151
134
165
137
172
148
160
143
168
137
170
149
157
174
156
142
138
144
146
132
136
157
179
162
160
164
152
177
168
146
168
150
156
130
157
141
155
150
178
164
139
156
170
148
147
162
165
146
161
168
157
124
140
152
143
170
158
138
147
142
173
170
132
162
153
159
170
153
164
167
150
151
137
167
157
175
140
168
129
145
155
153
164
171
173
160
142
167
163
139
135
159
142
139
149
148
167
154
172
137
166
146
160
148
134
135
153
165
158
170
134
155
157
163
157
169
146
160
142
157
144
150
146
147
176
150
159
154
156
158
155
158
161
154
152
145
147
137
159
162
176
159
125
169
159
144
127
117
154
164
150
173
142
165
164
174
141
129
155
152
165
147
153
141
153
163
152
160
145
176
142
152
150
145
158
140
139
160
159
162
144
146
166
159
135
154
149
140
159
165
157
169
146
156
155
157
147
128
171
171
140
143
164
177
156
157
129
156
164
147
156
151
191
141
142
161
180
178
154
160
142
144
134
146
132
154
144
159
146
160
157
164
149
150
139
162
126
130
149
136
129
141
140
149
154
153
143
142
149
151
167
114
160
163
173
147
147
140
147
147
128
127
151
120
158
155
160
152
138
153
141
152
152
165
131
167
157
142
153
158
159
155
164
154
148
138
155
148
135
147
151
135
143
164
123
135
151
162
147
172
146
137
144
159
156
155
151
141
178
162
156
144
168
135
172
154
135
147
146
160
126
153
158
176
163
133
161
162
159
160
152
155
157
132
149
138
157
165
179
145
139
140
132
158
149
153
121
141
153
148
150
147
152
142
164
154
146
130
143
156
152
133
162
135
168
133
154
146
147
156
141
147
150
139
163
150
145
144
133
160
127
152
144
151
144
137
145
148
153
141
133
138
138
136
157
152
142
150
153
129
152
152
147
170
174
142
161
152
158
139
148
152
136
133
162
141
164
127
148
137
147
139
152
168
149
139
151
156
144
141
141
148
158
161
140
150
128
139
162
170
146
144
154
139
145
150
144
145
153
150
166
160
152
160
145
155
140
153
168
159
155
155
154
147
144
141
125
160
130
130
156
142
157
131
144
142
155
147
138
158
132
153
136
159
132
140
162
133
145
147
132
139
167
138
153
138
146
152
150
148
146
142
145
131
138
143
140
169
150
142
156
150
150
176
144
159
153
150
139
152
157
129
136
154
158
129
139
137
116
153
153
160
161
152
143
159
145
156
156
156
135
135
154
136
128
132
135
142
157
157
136
147
149
124
135
134
142
134
152
171
139
152
161
135
142
141
168
145
141
133
161
154
164
151
125
132
128
156
122
143
138
143
134
145
131
151
135
137
174
134
129
154
142
145
129
147
143
160
134
130
118
148
131
154
148
144
137
143
147
157
143
172
131
137
123
137
136
139
146
148
126
137
130
158
130
141
161
144
120
133
132
136
128
151
157
154
143
138
130
145
149
111
154
172
153
139
128
164
125
140
146
110
142
152
133
133
134
170
134
144
112
140
117
120
155
139
164
121
121
154
133
118
147
148
130
126
139
152
134
166
133
156
134
135
137
143
143
139
130
150
122
133
134
137
159
135
140
126
124
139
139
125
141
134
157
126
141
156
163
137
131
134
142
144
124
139
143
144
151
135
127
129
159
124
154
170
130
148
127
167
133
148
143
125
133
147
137
147
156
140
145
151
136
142
142
145
132
134
136
135
151
159
131
164
144
148
135
130
138
140
152
133
124
143
134
137
128
151
140
137
152
157
149
135
155
136
130
136
127
135
137
139
170
125
153
153
129
140
149
137
136
157
161
131
149
135
154
135
131
146
113
133
141
142
140
133
147
142
144
133
130
147
127
140
134
156
146
136
144
162
154
126
146
137
138
109
130
137
148
113
140
132
131
148
139
138
137
139
119
154
139
147
142
139
142
154
150
120
156
148
138
150
122
140
133
145
136
134
138
139
125
126
138
137
123
148
132
147
151
142
122
138
151
142
144
117
122
141
144
137
137
125
156
112
155
132
152
147
152
130
165
151
150
135
136
156
129
139
149
130
158
127
145
126
133
125
149
131
126
142
133
149
117
154
149
131
139
173
143
133
140
137
156
149
135
165
132
154
134
127
153
137
137
109
125
128
122
134
131
120
133
148
146
175
136
128
133
144
136
126
161
128
126
138
132
132
133
140
120
161
158
139
122
137
150
126
156
162
127
133
130
115
149
136
162
127
136
151
145
127
127
143
139
143
111
113
117
145
110
129
139
125
135
132
113
147
148
136
116
154
120
119
122
152
139
142
114
124
144
142
125
146
132
128
129
135
121
123
134
142
148
120
120
140
143
115
120
148
135
129
126
128
121
129
117
140
135
133
132
134
128
150
128
120
135
139
123
124
143
134
136
134
138
124
159
131
124
158
141
132
155
121
142
143
120
135
135
144
134
167
133
127
143
140
144
147
132
127
122
131
159
125
136
149
144
141
139
138
126
139
122
141
140
127
123
125
127
143
134
130
156
130
135
127
142
130
124
133
138
124
127
126
130
137
155
120
134
133
124
122
122
150
149
151
118
128
145
149
128
130
138
141
140
150
94
145
121
131
142
144
131
148
140
124
123
137
127
122
142
143
126
123
145
127
124
126
133
134
138
117
115
121
125
126
171
143
142
122
141
138
124
118
133
109
126
137
146
140
143
138
156
125
140
142
136
121
132
141
143
129
137
126
129
139
140
128
113
122
129
134
134
133
144
138
125
144
131
133
127
154
135
138
138
140
135
141
129
133
128
125
135
133
142
138
141
126
136
129
125
127
114
122
140
152
143
143
140
146
148
115
129
121
129
124
132
146
122
130
137
130
129
124
143
121
129
136
144
143
123
154
126
137
143
150
122
138
116
108
123
132
140
125
117
132
142
104
128
120
134
143
133
119
135
125
124
128
137
133
133
128
106
140
132
117
123
116
115
114
155
119
121
128
123
114
120
141
124
138
119
137
139
115
133
120
152
142
134
119
118
130
120
130
140
142
119
136
128
122
121
123
136
140
122
119
137
148
117
143
123
122
126
143
131
126
108
139
143
123
127
126
126
153
111
143
115
124
140
136
141
138
123
150
133
135
129
124
135
136
149
138
119
121
130
120
133
136
116
127
119
134
116
126
129
127
115
127
136
128
113
123
147
126
105
141
116
130
120
132
114
114
120
115
117
122
122
120
105
140
118
141
148
134
135
133
130
126
135
128
117
107
109
136
127
131
118
108
146
124
119
137
137
134
119
122
112
125
102
125
116
142
127
143
117
125
134
134
113
118
119
126
128
119
132
149
116
138
138
127
125
127
107
129
162
142
99
110
122
124
139
117
123
132
133
147
129
132
118
120
135
128
128
135
117
127
144
106
129
126
149
132
127
125
123
107
132
125
116
134
127
137
140
128
122
127
128
112
111
119
130
119
127
146
137
123
107
115
126
106
117
121
109
132
134
126
128
109
112
129
125
131
138
140
99
122
141
127
117
117
120
116
126
122
140
132
133
139
124
120
141
113
127
134
135
115
123
132
127
127
136
123
120
135
130
139
114
127
108
118
135
128
109
124
119
116
125
129
119
129
118
132
114
131
127
124
110
116
141
103
132
103
128
125
117
121
118
121
109
119
127
124
115
129
109
123
141
134
124
126
108
130
100
129
140
136
134
128
119
151
134
118
118
110
121
127
127
128
135
117
149
119
108
130
99
118
149
127
111
111
135
134
114
140
119
129
131
143
119
143
115
110
126
129
123
128
163
129
125
129
117
128
124
120
129
129
135
133
120
114
135
123
116
135
135
99
108
120
121
127
144
129
131
118
104
141
116
161
129
114
116
121
112
142
122
127
125
126
126
99
125
136
126
149
121
137
131
147
131
115
118
128
126
137
124
110
109
128
134
109
128
114
126
132
111
134
139
123
118
126
98
115
132
111
118
101
114
133
129
121
117
120
127
123
134
111
131
127
132
121
136
124
123
134
124
113
117
134
151
118
120
116
138
133
113
120
125
116
137
102
112
122
115
134
134
113
112
111
104
143
121
103
125
118
105
140
139
112
126
112
121
131
121
111
120
117
124
124
117
101
116
118
131
137
110
140
129
117
116
121
119
127
128
120
127
122
120
121
120
122
100
129
127
127
113
136
114
120
122
116
129
132
114
118
112
113
116
120
125
129
101
132
120
123
116
126
120
134
107
133
119
123
145
118
122
133
128
134
144
116
119
103
128
132
134
134
121
101
119
124
125
114
91
120
125
129
104
123
103
128
108
133
125
99
123
116
133
121
130
124
111
123
118
126
126
118
111
128
115
143
129
95
118
141
112
121
117
100
129
122
116
129
120
125
129
94
110
144
132
142
138
123
106
130
129
125
114
128
126
118
126
127
153
131
122
120
115
108
128
124
113
131
122
112
122
130
123
140
127
105
134
136
99
128
120
102
113
121
132
121
115
91
110
112
136
120
118
135
133
123
124
118
116
109
111
129
119
101
126
107
129
116
125
116
129
114
110
131
122
142
135
96
130
136
119
127
138
128
128
121
127
98
110
117
116
117
111
104
126
118
122
93
129
108
120
124
132
129
112
111
117
126
108
117
126
109
94
117
115
101
120
111
120
129
132
128
125
111
134
111
116
111
147
121
121
122
131
128
109
129
121
128
96
118
104
111
124
102
112
115
128
129
120
120
129
127
112
132
112
116
121
122
124
108
126
115
124
119
111
120
108
113
140
125
128
128
126
124
120
120
130
113
103
130
140
117
115
127
113
123
135
121
136
144
139
158
113
119
109
116
121
132
104
115
125
120
119
113
118
102
121
120
128
122
133
118
106
128
124
129
110
113
135
102
131
113
102
127
105
114
125
98
107
113
103
131
105
118
123
136
114
122
110
135
127
107
119
111
110
106
109
108
130
130
117
125
125
111
114
128
94
122
121
114
114
113
115
106
128
114
113
127
123
115
146
128
125
125
115
118
118
115
110
123
105
112
107
132
111
135
127
104
124
98
130
132
131
116
117
118
128
117
105
117
126
101
113
102
118
139
117
100
127
98
116
140
119
103
114
102
129
104
123
113
124
137
119
112
103
127
113
108
113
106
133
117
101
110
127
109
98
107
112
111
112
95
125
110
124
128
127
111
123
132
115
125
97
108
132
127
120
96
111
122
133
91
105
126
118
109
118
108
133
137
121
117
123
117
101
118
108
136
122
102
123
118
95
119
124
123
97
127
109
105
110
117
121
119
129
94
116
126
129
108
106
117
124
116
104
135
104
131
120
107
113
130
93
121
131
116
113
120
117
110
115
131
113
109
94
111
124
125
133
114
122
114
119
126
100
106
117
111
110
123
117
113
112
121
117
125
114
125
127
110
111
129
114
105
98
116
105
98
109
105
118
119
103
114
103
125
122
108
120
98
100
99
117
119
110
113
122
115
109
107
124
116
116
121
116
111
111
130
117
132
113
120
97
109
89
108
120
125
108
116
117
122
113
113
121
104
104
103
99
109
118
110
104
103
129
125
112
107
141
115
105
115
104
110
107
108
122
128
121
100
121
92
118
108
120
119
116
115
125
104
123
139
110
114
135
118
130
96
128
103
96
111
120
109
129
111
116
113
117
125
108
123
110
122
129
127
131
111
119
125
99
110
114
116
98
101
101
129
111
99
118
112
102
111
121
109
116
122
108
109
120
115
104
108
129
82
99
129
117
115
126
114
124
105
119
119
98
133
111
105
114
111
118
123
113
114
100
103
117
126
98
113
129
122
133
105
117
120
115
128
118
113
111
118
106
109
89
110
107
118
113
105
104
102
121
147
106
124
102
127
104
108
120
97
133
109
134
125
108
110
118
133
115
105
113
90
140
106
108
99
99
88
124
123
111
110
100
125
106
122
143
118
114
108
110
112
88
116
119
95
117
99
128
111
95
98
100
118
112
105
110
130
108
100
123
121
120
108
109
117
126
120
101
114
120
107
99
107
121
103
106
115
106
106
106
98
125
132
114
100
111
97
112
111
112
117
133
105
112
114
123
116
116
113
117
123
101
112
117
106
138
97
102
97
127
126
101
110
105
127
114
125
95
104
110
120
126
124
110
99
124
94
92
97
114
110
107
100
105
108
120
124
117
110
100
127
109
119
110
114
110
106
110
111
94
118
92
93
106
110
107
113
109
126
126
116
105
91
104
105
101
100
105
100
123
101
125
105
121
117
99
105
102
112
138
91
124
110
108
104
102
124
114
116
111
120
102
111
112
103
111
118
107
106
113
107
117
88
99
81
111
106
95
115
115
110
112
111
109
116
116
107
111
118
106
109
109
85
103
122
104
108
122
123
104
99
123
114
120
115
104
109
125
112
112
114
109
110
109
123
113
92
95
119
123
108
119
102
111
109
123
99
117
123
108
90
116
110
132
96
105
116
90
110
102
97
101
111
118
95
109
115
116
106
113
107
107
69
104
125
95
109
110
105
114
100
105
115
126
94
91
106
118
117
121
81
97
112
114
103
119
134
97
104
106
103
107
118
105
115
108
112
102
97
92
109
94
125
103
116
94
116
120
104
90
99
101
105
128
97
127
103
112
125
106
121
103
113
99
102
85
111
110
112
101
127
119
119
110
118
102
100
106
115
115
110
82
98
123
98
109
98
109
94
97
116
109
113
102
108
96
118
104
141
107
111
110
111
107
98
99
123
109
107
97
108
124
98
104
107
119
114
120
105
120
117
109
104
105
98
103
98
99
90
103
122
112
108
102
99
105
130
129
106
97
117
94
135
82
121
106
117
82
112
124
88
123
132
119
112
84
107
118
114
102
112
125
109
110
91
111
103
140
102
99
123
78
108
117
97
115
115
95
122
107
128
124
105
107
94
91
75
129
109
114
107
93
95
119
105
115
104
107
109
105
111
125
105
105
114
114
105
95
86
106
100
125
96
93
109
112
104
112
104
107
107
106
107
121
106
82
106
112
92
109
98
106
108
74
97
123
93
108
113
86
110
108
115
118
101
88
90
115
118
101
89
91
91
109
109
131
111
114
93
121
116
122
94
100
118
94
101
105
109
119
97
114
100
94
101
109
122
117
86
102
101
107
87
116
121
110
132
117
124
100
103
107
108
115
110
113
120
115
113
106
98
102
122
105
96
110
89
89
97
124
110
104
113
94
111
92
118
103
107
117
114
114
94
82
110
95
108
127
90
113
107
101
96
110
109
107
96
91
96
108
105
87
96
100
102
119
106
84
101
108
109
115
95
91
96
108
85
111
97
107
100
108
114
120
115
94
91
114
104
106
90
120
120
117
103
91
91
105
114
97
99
109
99
96
109
95
106
92
98
114
106
103
100
114
108
98
107
117
118
104
102
108
118
115
104
99
102
105
117
102
101
105
107
102
103
111
102
103
120
94
115
104
114
101
107
98
96
103
110
98
117
84
126
109
96
105
93
94
83
96
101
97
125
98
107
131
104
108
109
99
106
112
120
97
116
120
85
95
103
94
106
125
105
111
114
110
107
111
96
103
109
104
102
106
94
102
100
101
91
89
95
99
115
94
105
100
117
98
97
94
108
112
103
119
87
105
106
104
121
108
91
102
118
118
98
117
105
105
105
94
101
102
137
92
94
93
94
100
119
115
101
94
102
90
94
89
98
115
95
85
107
96
114
105
89
108
112
119
98
94
112
104
99
105
97
106
107
108
95
103
117
117
109
119
113
94
88
112
106
94
110
105
96
124
95
101
110
125
138
94
91
97
94
96
101
120
104
105
105
108
103
95
96
98
104
102
88
103
115
96
107
100
104
94
96
103
104
102
120
113
93
115
99
90
96
107
93
96
114
108
102
107
97
102
91
98
104
108
98
104
87
89
93
103
92
95
114
114
105
93
97
107
92
102
95
85
87
96
107
95
96
108
103
101
107
108
95
120
101
