2082905
907491
558349
395194
301549
242517
201297
172322
149157
131616
117688
105675
96303
87971
80674
74878
69415
64958
60971
57221
54380
51489
48571
45897
43944
42181
39782
38317
36707
35155
33835
32879
31502
30330
29214
27925
27466
26423
25862
24656
24378
23441
22686
22174
21541
20923
20176
20105
19092
18820
18579
18082
17806
17299
16837
16605
16380
16070
15490
15027
14909
14780
14535
13875
13760
13658
13217
13201
13135
12832
12602
12194
11912
11725
11751
11442
11421
11054
10979
10917
10770
10531
10382
10138
10095
9961
9828
9565
9433
9330
9363
8942
9003
8812
8848
8670
8725
8566
8323
8350
8166
8102
8029
7845
7785
7893
7835
7694
7301
7364
7276
7274
7177
7145
6992
6971
6797
6830
6629
6824
6525
6428
6461
6417
6352
6320
6177
6257
6048
6182
6047
5954
5842
5860
5854
5727
5639
5580
5582
5487
5441
5525
5437
5417
5354
5269
5160
5084
5268
5187
5010
5035
5021
4959
4966
4878
4858
4852
4786
4753
4658
4615
4566
4484
4564
4442
4434
4465
4410
4443
4296
4277
4347
4191
4295
4229
4153
4142
4122
4125
4075
4097
3981
3927
3913
3949
3996
3875
3826
3835
3860
3806
3818
3763
3693
3663
3576
3664
3708
3485
3567
3602
3569
3535
3485
3468
3426
3326
3548
3468
3313
3317
3284
3286
3397
3274
3202
3272
3246
3248
3223
3174
3028
3086
3119
3168
3171
3028
3112
3144
3070
3037
3044
2997
2943
3033
2977
2937
2922
2838
2949
2849
2869
2814
2990
2813
2757
2765
2734
2708
2732
2776
2683
2723
2743
2629
2545
2678
2665
2643
2670
2589
2583
2548
2622
2627
2570
2553
2517
2512
2453
2514
2475
2463
2461
2405
2486
2464
2365
2439
2374
2384
2299
2417
2365
2299
2373
2306
2328
2373
2231
2298
2328
2368
2319
2194
2174
2173
2206
2240
2283
2224
2181
2205
2262
2227
2121
2194
2130
2204
2062
2117
2160
2104
2100
2049
2103
2153
2066
2111
1962
2068
2002
2026
2040
2037
1990
2000
1949
2081
2028
2056
1859
1955
2034
1912
1956
1938
1931
1886
1915
1890
1910
1836
1891
1865
1837
1880
1782
1775
1803
1779
1811
1766
1845
1829
1800
1835
1858
1800
1817
1824
1752
1769
1860
1766
1754
1744
1747
1689
1722
1734
1709
1668
1672
1715
1658
1670
1623
1616
1711
1652
1724
1644
1650
1665
1704
1641
1605
1618
1557
1613
1587
1647
1610
1638
1608
1523
1571
1571
1594
1545
1561
1517
1537
1560
1501
1550
1536
1486
1550
1536
1598
1454
1500
1514
1527
1477
1474
1463
1535
1541
1483
1492
1518
1418
1445
1509
1413
1426
1438
1441
1456
1431
1401
1395
1443
1416
1358
1344
1422
1481
1371
1459
1345
1364
1361
1416
1348
1293
1332
1338
1268
1359
1333
1353
1316
1318
1372
1322
1328
1295
1271
1272
1334
1333
1306
1297
1196
1303
1262
1312
1302
1248
1328
1297
1275
1275
1235
1268
1265
1327
1206
1284
1289
1198
1255
1245
1217
1257
1282
1188
1227
1211
1199
1200
1238
1199
1165
1223
1173
1233
1217
1151
1205
1198
1158
1150
1177
1152
1182
1184
1146
1155
1143
1191
1167
1170
1145
1101
1079
1119
1167
1108
1153
1129
1141
1164
1127
1121
1131
1072
1131
1085
1145
1083
1071
1048
1107
1114
1081
1114
1136
1081
1120
1106
1117
1070
1075
1096
1059
1080
1086
1023
1051
1026
1022
1041
1051
1067
1066
1038
1024
1134
1017
1000
1051
1026
1047
1049
1053
1024
993
981
1016
1006
1031
1026
1001
1032
1060
1042
974
945
1012
993
969
1020
924
922
965
995
1047
985
940
918
996
966
973
1012
988
987
922
943
965
968
974
971
986
940
921
911
906
915
995
920
910
917
949
932
904
992
921
915
934
921
960
897
878
867
854
901
908
910
914
913
897
912
917
923
910
906
903
912
850
903
839
898
879
873
872
852
923
878
921
817
879
872
880
931
871
876
885
829
936
851
806
868
876
785
875
830
841
807
772
896
838
860
796
849
816
828
857
847
817
806
853
793
860
848
763
851
837
821
860
810
811
770
767
820
838
827
784
820
803
735
766
785
772
849
746
841
785
798
777
810
800
749
780
741
789
799
787
774
773
786
748
772
779
762
726
743
760
728
749
726
795
796
775
732
746
754
782
765
782
710
688
685
739
747
803
727
681
730
726
710
744
741
769
718
711
705
729
712
704
661
751
748
748
732
701
733
725
752
703
773
710
722
712
693
707
710
741
735
719
696
732
665
651
676
669
657
685
673
686
702
709
657
691
734
679
635
661
673
713
657
663
660
719
676
674
663
698
645
668
678
645
640
661
677
656
688
669
646
623
598
651
636
666
677
648
645
680
626
652
657
602
658
635
670
645
648
688
638
652
694
633
624
655
676
623
622
643
655
630
605
651
609
648
612
661
619
637
616
620
625
598
620
642
629
623
597
655
628
624
571
640
603
594
645
591
613
568
636
648
588
676
565
580
615
637
588
590
587
605
602
583
571
591
611
559
576
605
585
600
635
597
567
597
600
587
565
597
583
540
581
601
552
569
530
602
613
548
574
594
561
604
555
573
567
572
572
557
566
551
582
607
625
550
552
565
586
578
557
576
576
565
515
574
568
556
547
534
511
529
568
577
550
559
591
567
578
522
536
555
504
544
533
529
547
541
559
525
525
549
535
548
523
552
572
585
548
529
536
513
500
543
507
520
535
544
535
544
547
524
514
531
507
550
539
483
512
477
537
492
491
519
537
510
514
538
510
541
503
525
495
526
512
527
461
513
547
570
515
514
513
517
495
502
523
493
543
496
494
484
492
516
476
544
513
472
473
514
499
478
493
464
488
466
490
477
488
416
478
489
441
479
499
482
527
485
484
500
479
456
457
456
513
492
473
450
451
492
479
491
479
492
459
469
466
435
435
469
458
503
458
444
486
494
490
480
470
444
445
485
450
463
500
458
467
502
459
488
499
455
449
455
489
501
441
508
475
440
482
450
470
462
435
488
464
448
495
465
425
481
439
457
470
439
479
406
417
465
457
469
456
457
396
463
446
452
435
461
437
455
478
438
442
440
432
419
448
455
415
407
430
416
423
469
438
439
435
452
403
410
413
456
420
439
435
417
398
447
433
443
429
431
430
481
424
440
399
421
411
435
432
421
409
438
412
416
438
357
453
437
418
400
393
436
403
429
441
403
424
383
396
360
445
440
455
379
424
420
390
441
445
387
391
420
441
425
404
392
404
419
405
432
375
407
408
396
423
426
416
388
434
387
403
410
414
368
397
381
406
399
398
409
454
392
425
416
383
345
405
437
393
417
395
398
400
426
386
418
380
386
403
402
404
364
353
390
404
410
388
389
428
403
403
368
377
362
402
371
387
421
385
363
350
383
379
379
378
383
366
371
355
389
366
428
377
375
409
381
376
392
382
410
408
376
388
365
381
372
373
377
415
390
363
390
399
382
350
389
384
372
389
373
381
388
322
375
358
396
368
364
330
387
379
384
364
361
377
337
341
359
362
355
366
384
353
362
399
389
323
365
372
371
334
422
358
357
377
352
378
338
355
356
376
378
351
348
325
335
396
363
389
343
340
371
336
381
356
366
352
349
356
344
352
384
352
344
372
345
342
369
334
309
375
342
336
331
357
363
374
350
365
368
385
304
356
358
356
337
326
350
381
311
311
331
348
338
356
349
357
346
359
335
386
355
366
370
350
350
325
293
323
333
307
316
331
339
326
341
321
327
333
332
355
359
331
339
345
310
374
334
351
340
350
323
334
335
318
313
323
367
326
308
329
320
363
338
340
317
324
342
315
305
332
347
345
342
303
309
304
332
310
333
328
314
355
309
317
314
330
317
294
339
349
310
332
322
335
329
338
298
294
297
367
333
311
294
292
328
309
324
313
328
331
318
318
327
341
323
324
310
309
322
348
322
309
287
323
330
328
325
331
303
308
304
312
291
299
299
305
305
325
315
307
314
315
286
297
344
319
299
317
319
314
290
298
304
300
307
293
323
345
335
310
297
301
314
326
301
301
320
310
318
282
268
320
292
297
280
327
289
296
323
286
286
298
300
295
327
296
303
265
305
281
315
283
305
287
322
288
294
302
311
294
295
316
261
279
274
319
282
280
292
288
260
286
296
298
297
257
306
286
289
274
310
279
290
292
269
282
304
285
268
309
284
292
275
325
251
283
281
295
284
314
269
284
295
275
278
268
275
259
281
282
270
297
291
323
266
258
303
321
291
296
270
290
298
299
299
307
293
276
282
277
304
271
262
275
276
280
281
300
268
293
275
266
246
268
303
313
276
280
261
247
286
272
278
293
273
259
272
291
271
265
287
295
273
288
262
268
277
291
281
262
253
275
283
267
250
266
268
271
257
254
283
271
259
268
281
281
274
264
257
259
253
294
277
274
248
276
282
258
257
266
257
258
281
236
290
259
278
274
263
270
237
248
248
269
236
269
271
230
261
262
264
264
280
262
233
249
262
274
273
254
252
251
281
264
246
265
259
239
252
295
275
230
260
273
248
260
271
275
242
240
250
251
245
264
294
276
245
252
239
266
260
281
226
228
254
261
303
258
241
272
256
280
241
261
257
280
255
268
286
302
271
231
255
275
250
243
277
250
261
231
268
265
249
236
237
234
268
255
235
257
244
221
246
232
223
258
290
253
270
235
263
270
248
260
247
242
251
250
249
213
216
250
238
223
218
257
249
246
256
225
248
287
259
248
248
236
240
253
246
272
281
246
276
258
293
253
231
251
232
259
248
248
239
232
259
257
237
225
210
233
239
235
212
262
242
210
241
218
226
251
231
228
230
258
230
255
242
223
266
228
254
246
224
232
246
228
265
240
242
231
233
256
230
247
246
205
255
216
224
239
243
227
228
258
210
254
207
247
240
229
236
224
279
260
239
240
254
234
237
215
220
221
215
249
230
242
244
216
217
205
232
245
236
223
242
229
211
201
234
256
250
243
232
229
228
251
232
233
256
249
238
220
229
230
225
223
231
206
220
239
231
239
255
231
222
245
230
200
219
226
235
209
228
214
220
222
217
208
221
240
208
225
234
215
242
238
243
266
206
238
220
215
228
229
215
251
232
215
211
213
205
192
213
227
245
224
204
172
225
187
207
195
211
211
240
204
248
234
221
205
274
234
229
223
229
227
225
224
230
223
217
231
194
219
223
217
207
231
228
229
204
228
244
244
219
222
197
219
189
214
187
206
228
230
233
196
188
204
211
223
234
208
203
218
200
218
191
207
218
197
224
215
217
212
217
201
220
216
214
217
218
187
202
233
198
218
214
215
216
212
200
240
210
191
216
212
195
189
210
234
217
227
207
197
198
219
207
191
234
213
204
197
255
220
175
244
205
216
212
187
210
236
194
200
205
198
176
229
210
216
202
178
215
211
192
183
199
206
178
203
217
198
232
200
186
215
208
176
205
203
203
220
234
192
200
207
195
199
216
193
196
195
194
223
209
219
182
220
187
200
204
217
203
167
186
207
198
203
219
215
216
198
222
207
191
181
211
190
192
183
185
178
213
212
210
193
183
193
205
184
194
198
199
203
225
194
204
203
200
182
208
218
182
183
193
203
183
212
182
208
233
195
185
160
199
227
193
202
199
199
207
201
209
220
204
182
193
190
172
194
192
209
205
193
174
199
196
184
199
204
178
191
182
201
200
190
218
188
194
177
209
195
176
202
180
199
196
175
208
195
185
197
182
204
189
187
192
168
184
192
177
208
193
200
182
195
177
185
162
199
207
172
173
210
184
219
159
179
195
201
187
209
181
184
173
205
205
176
162
169
200
179
204
208
200
173
175
183
185
181
189
206
187
175
202
163
196
193
148
201
186
199
212
196
185
191
170
212
195
167
174
194
188
199
187
179
160
184
177
180
176
203
198
201
195
190
192
206
185
189
187
182
185
182
208
169
202
176
182
177
184
197
161
193
173
185
211
189
185
168
159
209
154
196
183
161
192
183
178
171
184
164
173
194
178
154
193
192
176
173
205
173
179
200
171
184
176
172
184
186
169
163
167
163
147
169
156
173
173
190
176
187
164
174
192
190
155
202
184
174
155
181
190
168
171
153
157
168
205
162
199
171
160
171
184
188
199
179
158
174
182
176
167
185
190
179
162
153
170
173
183
179
201
172
182
189
180
192
204
185
188
171
174
186
181
156
178
200
207
173
172
193
177
147
179
182
178
182
183
149
164
176
169
172
185
167
172
169
169
167
146
167
162
181
160
168
168
179
173
183
159
161
156
176
183
181
172
165
177
158
197
190
167
157
156
151
163
168
165
171
179
168
181
167
162
149
145
164
171
189
182
173
153
159
150
149
160
181
154
163
162
180
175
192
167
175
154
159
168
178
164
169
146
181
160
175
159
176
151
166
172
168
150
154
152
152
153
144
167
197
167
150
158
166
160
174
151
169
138
157
156
148
163
154
174
156
172
141
164
169
160
160
180
156
159
174
157
147
156
172
174
185
171
155
169
178
151
168
170
168
153
148
139
153
148
160
146
161
142
170
165
152
154
151
163
154
150
146
159
169
189
177
178
156
173
165
143
161
181
149
139
149
155
152
165
135
168
165
158
149
170
149
139
164
170
164
156
173
161
164
168
157
149
166
153
147
147
158
166
164
164
143
164
144
156
155
157
167
133
148
158
142
158
135
150
166
174
167
151
157
144
172
140
160
156
134
141
137
143
166
147
125
156
160
147
157
145
137
162
154
148
139
150
148
166
150
152
154
149
147
134
140
132
156
174
165
158
157
162
153
148
151
145
157
157
131
134
150
166
171
160
135
162
132
134
143
135
132
151
153
134
115
116
159
157
127
158
159
147
163
164
144
146
160
156
139
139
145
140
150
130
151
135
138
189
155
147
174
146
131
160
145
161
162
145
136
126
136
137
139
176
155
149
132
139
141
148
151
148
137
132
149
161
123
145
171
141
142
114
146
161
145
154
160
171
128
150
137
148
146
143
136
139
155
145
123
148
138
150
145
135
141
141
158
160
140
168
149
157
149
178
145
134
151
162
159
159
156
138
151
165
130
159
139
119
139
131
159
157
158
155
154
139
164
127
136
146
153
110
139
166
135
146
148
159
142
127
133
139
134
149
170
152
135
158
143
141
153
140
127
154
147
143
139
140
132
150
128
154
151
159
146
123
159
125
130
156
164
149
126
135
129
140
147
147
157
134
125
134
137
162
138
126
149
170
148
157
129
132
128
152
139
134
113
155
125
161
156
142
145
133
141
147
125
146
135
125
146
128
149
136
148
143
138
116
147
123
152
160
146
122
146
138
118
166
146
132
138
129
140
115
149
111
119
134
127
119
159
129
156
156
126
134
151
148
129
125
148
145
150
141
143
142
133
161
143
131
133
121
125
132
160
139
134
146
132
137
123
137
147
134
159
147
143
134
134
155
148
132
134
109
120
125
137
139
122
123
135
116
132
120
151
121
154
117
135
137
122
144
134
117
166
141
127
119
117
120
141
108
109
126
132
160
138
133
151
113
152
150
144
130
142
128
142
109
116
140
123
128
138
137
134
148
117
139
133
138
127
123
147
136
131
130
140
126
136
108
117
132
124
147
129
128
116
132
102
155
148
125
115
137
128
137
140
127
142
139
148
118
130
123
128
136
132
150
123
135
128
103
131
132
132
132
138
154
139
140
123
121
140
131
116
116
134
115
122
125
127
119
147
126
131
139
115
149
111
138
132
121
101
115
126
145
129
135
144
103
126
154
128
118
138
142
130
114
136
123
120
125
129
110
138
127
138
130
129
128
137
119
131
132
135
136
122
132
130
113
124
113
123
134
139
144
132
111
117
153
119
123
106
93
119
123
138
128
131
126
136
128
138
151
112
113
115
130
122
134
119
120
141
111
123
138
125
127
125
126
141
111
135
122
125
116
128
114
124
110
136
137
121
134
118
116
140
135
99
123
133
121
113
125
134
126
134
140
123
124
125
126
130
123
105
113
156
131
116
110
127
140
143
124
129
111
112
134
129
120
130
132
127
147
114
119
124
130
150
143
130
122
135
107
112
108
121
98
120
129
106
138
110
138
130
116
125
136
119
115
113
137
101
108
105
121
111
104
97
123
114
118
115
126
130
110
121
112
124
132
121
95
121
139
128
129
113
122
120
112
120
126
90
101
105
128
92
124
111
140
124
117
110
131
102
119
121
118
143
117
104
123
138
122
107
124
114
132
123
133
127
121
133
113
96
131
111
118
111
120
114
102
115
126
119
102
99
117
126
125
126
133
115
113
110
101
141
120
122
126
127
99
144
128
113
141
98
119
140
102
130
130
115
114
112
117
110
126
98
118
120
135
137
126
108
114
142
116
124
125
129
116
117
138
100
104
119
108
125
117
136
132
123
108
113
104
101
130
101
130
114
102
110
105
119
118
108
117
120
116
117
125
115
128
106
103
107
113
115
132
100
108
131
103
130
113
100
126
111
119
103
133
106
113
116
109
107
132
124
105
116
105
109
110
126
96
111
127
96
120
113
100
103
123
118
109
119
107
109
91
116
107
103
121
112
116
114
116
112
119
92
113
123
126
112
124
126
125
122
115
115
123
112
108
112
112
114
101
104
123
127
96
131
88
114
111
102
121
106
102
119
127
116
111
103
119
116
133
91
114
104
105
113
126
119
119
108
113
98
101
107
127
131
114
106
115
117
104
103
124
110
110
109
113
119
111
107
125
132
121
114
120
94
120
106
116
119
128
118
118
120
128
103
125
99
106
116
100
96
113
106
101
101
119
108
108
119
93
106
111
108
110
120
102
108
114
106
106
117
105
102
131
89
97
107
132
97
112
122
90
98
102
119
120
105
110
112
100
106
117
106
121
109
117
91
113
102
100
108
104
104
102
110
128
112
113
111
109
107
123
109
132
112
123
100
113
112
117
105
108
117
104
98
96
125
107
112
95
100
105
89
94
112
112
110
122
116
109
120
102
119
117
100
102
132
111
115
92
103
110
112
91
108
95
87
108
106
97
114
114
118
97
112
103
110
91
94
103
93
114
93
111
105
125
112
100
114
121
102
105
101
114
99
119
107
106
92
107
118
99
128
125
110
93
100
92
94
105
111
89
88
121
91
114
88
100
108
90
100
112
105
87
124
123
93
95
97
118
99
121
96
85
107
100
109
113
107
101
89
97
90
101
82
111
120
110
98
113
87
103
119
89
125
99
120
117
91
99
103
82
95
107
90
112
98
101
107
96
93
92
96
104
108
103
97
119
110
100
89
81
100
105
98
90
88
110
108
112
119
92
107
98
96
92
113
108
89
67
127
128
114
104
101
101
85
123
89
104
91
107
74
105
93
104
103
88
106
103
93
121
95
96
104
79
94
98
78
81
104
112
94
111
112
81
84
93
117
91
79
100
108
102
98
94
90
86
107
109
93
103
124
99
93
112
94
89
105
95
100
97
101
101
96
95
108
79
102
89
95
93
101
115
99
99
92
90
83
94
100
85
111
86
86
110
88
113
91
101
89
100
119
112
102
96
91
97
98
102
94
85
96
96
104
102
99
108
93
98
81
89
103
116
80
105
103
117
105
92
100
100
95
111
95
98
106
97
89
97
101
82
110
96
101
100
112
97
90
109
105
95
92
100
100
103
104
85
104
84
97
89
103
112
95
113
83
109
108
106
88
115
87
92
82
104
105
101
90
101
83
92
98
91
91
98
87
102
97
102
88
102
107
110
101
109
82
95
116
102
79
95
93
96
87
88
104
93
97
101
110
80
107
110
95
85
107
90
103
99
92
92
105
110
106
96
84
102
111
92
106
87
91
97
99
87
76
96
82
101
99
102
83
94
102
100
98
87
104
93
75
106
99
95
90
90
91
97
105
104
89
94
94
112
112
105
77
93
102
95
93
96
78
82
84
83
101
101
79
91
94
88
95
82
93
111
88
95
95
90
93
84
79
112
100
92
92
107
90
92
97
93
108
105
95
79
105
96
93
101
100
95
90
80
95
88
111
87
98
87
89
84
104
89
81
89
85
89
92
95
90
84
99
97
78
103
101
103
91
79
88
95
97
103
95
93
85
82
86
76
101
100
84
96
91
91
81
94
108
71
92
102
93
105
103
89
95
104
81
114
106
96
101
89
94
102
97
92
92
84
91
95
105
79
108
92
84
102
90
78
93
72
90
93
107
80
93
77
94
91
92
100
71
102
103
99
92
79
92
112
98
100
84
94
86
98
98
81
111
104
88
95
110
88
89
109
90
86
86
86
109
89
95
85
78
69
82
86
81
80
96
82
84
82
85
83
87
103
100
108
101
99
87
80
83
98
94
84
83
95
103
80
97
80
84
91
85
85
89
102
67
98
83
87
103
106
96
90
78
81
97
93
92
85
97
96
116
92
75
86
89
84
75
78
103
88
100
99
96
78
92
94
93
96
91
78
81
82
101
95
96
82
80
66
73
76
82
94
77
77
77
86
89
81
88
89
81
79
74
97
90
97
93
80
80
94
88
81
81
69
81
87
101
97
84
88
86
73
78
92
90
87
88
87
95
86
78
83
85
79
84
85
81
73
91
81
96
88
91
87
76
74
82
95
81
93
78
74
83
91
91
82
83
81
82
84
76
77
87
77
73
81
98
91
68
95
76
99
80
82
86
101
71
90
81
76
87
94
85
69
89
76
93
89
76
94
85
82
89
87
75
106
85
86
81
85
96
85
99
77
86
107
82
77
91
95
87
77
75
89
81
80
106
77
92
105
100
83
79
88
90
89
87
89
96
84
89
83
77
78
73
87
118
74
82
84
82
88
111
81
93
78
95
102
64
75
94
88
69
84
92
85
86
78
88
76
74
84
75
89
87
94
64
90
98
94
78
80
85
85
89
83
85
73
77
79
91
85
87
74
79
87
70
89
75
88
92
95
68
82
84
91
87
75
54
89
80
77
84
97
105
84
87
75
84
84
78
97
92
84
74
85
89
81
89
84
88
97
73
56
91
83
82
79
78
90
88
86
91
65
102
82
95
78
74
66
92
85
68
81
80
92
83
90
85
73
67
93
90
79
73
78
78
82
75
80
93
77
88
76
69
65
79
75
74
82
75
98
107
80
91
92
72
91
74
90
79
79
77
71
80
72
71
76
81
88
74
90
91
92
85
90
76
99
76
75
86
94
94
87
73
80
75
80
88
79
84
94
84
71
85
82
71
78
96
72
88
88
71
72
68
78
70
83
77
85
92
78
77
88
79
81
80
84
87
93
75
78
80
71
76
105
84
90
84
88
68
90
90
78
80
94
75
81
85
73
76
77
66
92
83
80
103
64
86
85
86
70
87
70
90
80
77
70
72
85
60
76
77
77
94
97
93
77
86
89
78
96
84
84
74
73
78
79
72
68
83
79
86
70
82
85
76
73
80
77
84
79
80
81
77
76
81
84
70
76
79
87
73
84
82
87
77
81
98
84
72
89
76
81
90
91
79
63
85
70
84
62
65
66
81
80
82
98
57
82
61
71
93
80
65
62
80
81
71
78
80
79
85
83
74
64
84
69
74
81
74
83
71
89
77
77
79
69
73
78
63
80
78
80
84
64
77
64
76
58
70
66
73
86
92
70
64
77
78
69
76
70
68
79
67
75
83
74
75
89
71
70
88
81
73
70
67
87
78
63
92
90
84
83
75
63
75
70
84
70
67
74
74
86
73
84
86
76
67
86
67
83
71
75
75
66
73
87
68
87
70
70
79
65
76
82
88
76
73
78
82
75
73
66
66
86
85
76
74
81
75
71
58
81
86
87
72
66
79
71
81
64
77
83
86
68
80
81
62
71
73
78
75
86
77
74
97
67
87
69
78
95
77
72
81
78
72
78
70
79
71
85
83
89
68
86
68
75
71
77
67
68
76
66
94
74
63
77
70
61
76
90
68
66
64
75
68
82
72
79
62
72
74
82
70
69
80
60
67
71
81
91
75
60
66
74
82
66
68
78
70
69
69
75
79
57
67
68
61
78
63
80
48
82
64
66
77
68
51
73
75
80
70
75
80
71
97
83
74
69
80
79
81
69
63
82
77
73
72
77
57
64
64
59
77
75
79
69
80
69
57
71
60
91
70
73
70
68
76
83
70
67
90
77
61
69
70
67
63
72
73
50
73
69
74
59
81
75
70
87
76
81
55
70
87
59
90
68
66
67
63
71
60
68
76
72
77
63
79
72
76
83
65
73
74
85
79
62
78
76
64
77
69
56
75
72
82
92
82
75
58
55
56
86
57
68
72
80
73
63
70
70
74
74
78
77
82
81
71
74
71
64
69
73
63
78
74
70
86
66
63
79
62
73
73
82
81
63
51
70
76
78
63
94
70
80
66
73
74
70
74
52
64
79
68
70
66
62
81
70
82
62
78
82
76
63
76
89
53
78
62
79
62
63
56
66
66
69
79
62
68
67
73
73
75
86
78
71
65
53
62
60
70
77
63
58
70
60
66
67
64
68
68
81
69
73
69
63
68
70
59
63
70
70
69
74
71
75
73
84
71
68
46
61
69
90
71
75
65
69
61
61
65
71
65
59
61
84
61
82
73
78
63
83
62
87
73
65
75
60
76
76
69
59
68
64
96
60
78
61
65
76
62
73
68
74
69
74
67
80
61
72
73
58
74
79
67
81
74
67
57
66
74
55
67
65
69
71
80
66
60
58
67
68
60
72
63
73
60
83
60
58
73
76
67
65
72
62
74
59
67
72
68
70
58
66
68
61
64
81
72
56
55
77
73
59
57
68
68
64
61
67
70
64
60
71
58
72
62
60
66
70
65
65
67
59
62
80
58
60
66
60
74
83
66
82
67
66
68
75
59
64
63
60
54
69
70
77
67
77
69
70
83
64
76
61
81
66
89
66
58
66
72
56
58
63
69
56
80
61
77
71
63
80
69
66
61
80
77
66
49
59
82
61
53
61
61
67
80
78
66
59
62
57
66
64
74
73
73
65
62
70
77
62
69
72
58
74
81
78
54
73
84
65
62
56
63
66
72
60
73
66
63
68
74
87
82
69
74
60
71
64
66
66
69
68
64
71
58
69
65
68
74
67
70
77
71
70
56
78
51
58
81
70
59
65
62
67
76
69
71
50
57
58
65
63
72
56
63
69
87
65
73
62
76
64
63
48
65
70
71
61
67
80
88
70
68
69
54
57
63
70
65
50
74
78
68
61
64
63
73
63
71
65
64
62
60
54
65
68
75
61
76
78
71
68
65
75
69
59
75
86
72
65
69
60
61
72
58
52
86
62
70
73
69
64
54
60
55
65
64
69
77
61
64
55
71
50
67
60
79
57
74
54
64
69
70
68
74
68
63
65
66
54
73
50
51
61
70
70
55
62
57
65
55
52
47
74
52
82
67
69
57
73
63
54
61
63
70
68
70
58
68
61
66
72
61
64
67
65
72
64
68
74
60
67
68
64
59
73
73
65
43
70
65
61
64
71
88
72
56
68
58
59
59
66
71
84
66
63
60
56
71
57
58
62
66
70
67
65
52
51
58
62
66
57
61
66
70
79
57
61
61
62
54
46
65
58
57
72
80
59
51
53
64
65
64
62
54
53
63
77
74
71
49
70
62
65
61
51
61
70
65
60
62
61
70
56
52
72
49
66
64
68
69
61
54
62
49
54
56
65
58
67
70
77
64
51
66
68
73
59
69
62
59
49
70
62
62
62
67
65
65
59
69
59
71
54
74
62
58
59
67
67
50
64
62
64
48
53
58
70
71
66
64
64
55
60
74
62
60
58
52
73
60
64
62
59
63
63
70
67
59
61
59
46
62
60
62
50
58
64
60
73
54
66
65
66
46
66
62
61
59
69
59
60
57
64
68
69
54
64
68
46
65
61
71
52
70
71
53
63
83
59
61
67
57
64
67
68
68
76
62
64
73
65
49
66
60
50
54
63
66
69
66
69
62
70
70
61
58
43
55
69
62
68
53
70
51
65
48
50
48
67
59
58
69
56
65
46
63
57
65
53
53
57
69
56
50
70
72
61
58
44
56
63
59
57
64
61
74
68
50
72
64
60
67
50
57
58
56
68
54
69
62
72
61
53
53
54
71
64
51
58
68
71
72
59
57
44
57
62
63
71
67
56
48
61
64
60
55
43
61
62
66
66
54
55
61
71
51
65
70
63
51
70
59
38
43
63
71
69
74
59
70
66
77
74
56
58
57
55
60
58
65
68
58
68
53
65
64
67
49
58
70
62
51
77
51
66
67
70
78
60
70
62
55
67
54
55
60
47
59
60
69
57
63
61
51
68
62
60
61
52
57
62
59
65
66
53
66
71
66
69
60
47
59
44
85
68
66
43
53
73
56
67
51
61
40
53
52
54
71
63
65
55
66
58
55
54
45
39
63
59
49
59
66
66
64
49
59
68
56
72
65
72
60
44
63
67
54
63
57
54
58
46
50
56
66
68
65
51
49
51
56
66
46
57
62
66
64
48
59
59
66
57
64
55
59
54
53
53
60
70
63
60
65
70
62
63
59
44
62
60
58
76
61
60
58
63
54
76
61
63
65
63
62
67
49
65
59
56
40
49
56
64
54
46
65
61
59
46
52
53
47
56
66
60
55
57
55
62
44
53
59
63
62
43
62
54
54
67
70
55
66
59
55
54
53
55
57
58
58
57
65
47
45
60
64
62
55
43
63
38
61
57
54
55
48
47
56
50
65
49
56
52
60
69
60
55
72
65
64
49
67
56
51
63
64
59
51
54
50
63
50
59
70
75
45
68
62
52
55
68
58
63
56
64
57
59
51
60
58
63
56
75
52
40
53
57
58
40
55
49
57
69
51
43
58
54
52
53
52
67
55
66
56
56
62
57
50
63
63
64
57
66
50
54
64
61
63
46
56
55
61
57
55
52
59
62
59
47
55
54
63
57
54
61
61
51
60
55
54
59
52
54
53
53
52
61
69
62
55
60
67
59
53
67
48
71
62
54
54
61
50
62
71
52
56
53
57
55
48
62
65
52
73
58
54
50
58
61
56
61
51
46
69
67
59
55
57
62
65
69
70
62
67
67
76
71
69
43
51
58
56
53
48
55
59
66
51
78
42
49
50
49
57
61
60
51
61
51
53
65
55
50
51
60
56
36
56
60
48
67
59
64
49
71
46
70
64
45
58
54
52
58
54
60
58
71
53
62
43
58
43
77
55
56
41
50
63
64
49
54
46
49
59
57
56
47
52
58
59
49
54
45
53
50
47
50
55
49
45
59
63
52
52
50
61
52
57
54
58
76
53
50
56
58
54
45
61
63
55
69
49
53
55
48
57
53
54
48
55
51
47
49
54
44
51
55
65
53
59
71
45
58
54
62
71
50
48
49
59
54
57
65
47
43
44
56
59
59
53
49
61
53
50
54
47
51
54
54
47
53
49
59
58
57
54
52
61
60
53
56
51
52
59
69
53
69
64
51
60
60
63
57
56
47
59
49
56
56
49
56
56
45
54
59
48
47
53
49
55
40
60
59
60
62
44
65
49
71
58
50
53
41
62
60
38
52
54
56
66
57
56
66
56
52
53
52
59
50
59
65
53
50
50
64
50
40
47
63
53
57
52
52
46
57
51
44
45
48
59
61
59
64
52
43
50
52
57
55
38
51
62
52
53
57
56
68
45
55
51
48
50
48
46
67
50
51
51
43
66
45
52
52
64
49
68
56
54
51
51
63
52
39
51
54
57
53
59
52
39
54
55
52
41
52
48
70
50
51
61
40
46
53
60
55
52
41
55
43
45
48
52
51
40
64
51
45
43
59
43
46
50
56
61
42
52
67
47
49
62
62
53
58
51
54
50
60
56
64
53
51
57
50
57
45
44
43
51
65
58
61
55
48
57
55
37
50
46
51
57
55
59
58
50
45
42
46
43
45
68
58
57
48
46
53
51
56
47
47
61
55
68
51
73
60
51
50
45
59
51
46
59
43
56
42
50
58
44
51
64
61
53
55
47
39
59
65
44
52
48
53
43
53
56
53
49
53
54
56
49
40
43
64
58
42
56
50
39
52
47
55
51
44
57
60
55
48
61
62
37
47
47
59
45
64
44
62
52
54
46
54
50
41
62
47
58
49
52
51
52
40
55
60
57
49
48
56
59
54
47
56
45
53
62
37
55
55
51
45
46
53
50
53
66
41
63
49
49
51
56
48
52
55
46
54
42
46
72
51
56
46
56
45
55
36
38
48
49
55
47
61
60
51
48
66
64
39
55
60
56
37
57
53
45
63
53
57
39
45
52
45
48
45
61
50
44
57
48
44
53
64
46
48
53
49
49
49
55
51
49
52
55
62
45
57
48
53
52
58
56
53
47
50
46
46
58
61
54
50
45
56
40
36
55
42
50
50
52
39
46
44
47
49
40
49
51
47
54
47
57
49
44
44
57
42
52
52
39
59
50
57
53
46
43
43
57
58
49
35
34
54
42
46
45
59
43
54
49
43
54
47
57
43
49
62
54
44
48
48
44
47
49
48
59
58
51
49
50
42
54
58
52
48
55
44
47
42
53
59
57
55
56
47
60
52
53
49
36
59
54
43
46
42
48
38
39
36
49
58
51
49
55
57
44
53
46
50
52
45
56
53
57
42
58
38
44
55
55
49
53
46
42
51
43
42
47
37
44
41
59
40
49
52
53
56
40
43
43
42
44
55
53
62
43
65
54
41
47
49
42
69
52
60
45
35
44
59
48
46
44
49
48
50
41
49
48
45
45
42
56
58
57
61
47
49
45
45
39
63
45
43
39
49
40
61
38
52
50
52
45
60
44
51
54
50
46
53
56
51
39
55
47
59
66
52
51
41
47
59
45
62
53
44
53
56
46
63
51
36
56
42
51
43
52
41
43
45
51
47
59
40
56
41
46
63
43
50
47
51
47
45
55
49
39
62
56
50
47
41
51
58
49
50
41
56
53
46
55
56
62
49
57
56
58
45
39
54
55
44
48
55
44
43
51
43
51
45
48
44
52
42
41
45
42
47
36
47
62
47
51
57
39
55
31
46
46
56
43
49
38
44
45
52
46
52
50
38
52
47
50
51
46
57
46
52
41
54
42
43
52
47
56
53
41
40
57
44
43
49
60
25
37
34
44
49
64
50
47
49
53
47
47
56
54
48
51
40
62
45
44
49
47
47
56
45
50
48
40
44
70
43
43
51
38
50
47
44
60
37
49
47
46
43
64
49
50
47
42
51
52
41
40
54
34
35
53
52
60
48
45
36
50
53
39
56
58
44
63
41
52
64
49
44
51
45
46
60
36
52
44
52
46
63
47
55
49
48
42
42
48
52
48
48
49
40
49
44
39
36
41
39
55
40
46
47
56
44
49
44
46
46
38
44
44
52
31
51
52
47
60
62
45
54
44
56
45
46
42
48
46
54
50
38
47
41
48
53
42
47
40
54
60
45
43
52
39
57
61
44
64
41
38
49
45
50
43
54
56
61
44
53
46
40
49
49
38
48
40
35
49
57
58
45
43
47
41
42
34
43
49
38
44
29
43
50
46
60
48
47
50
45
50
42
42
46
36
48
55
43
45
48
49
56
56
56
50
55
49
39
55
43
39
51
45
47
43
44
47
44
35
47
43
44
47
53
37
37
44
58
43
38
51
36
48
60
49
45
38
31
50
42
36
47
40
37
43
54
42
54
42
48
40
35
55
55
46
50
45
49
33
48
46
61
41
51
46
56
51
40
44
47
41
54
37
49
43
55
54
53
46
50
41
33
54
43
45
50
45
47
48
42
32
50
45
41
43
43
58
37
37
52
50
41
42
44
44
50
43
45
42
43
38
47
37
42
54
49
46
54
52
55
50
37
46
40
45
42
44
33
45
48
42
45
48
42
51
40
46
45
49
56
59
45
40
42
47
43
47
45
48
54
44
49
49
46
56
42
45
46
52
48
40
47
52
42
49
40
36
39
57
59
37
47
37
48
60
55
40
38
36
38
49
35
39
52
56
44
55
52
46
42
36
41
47
34
52
43
52
49
47
47
49
50
50
35
40
44
43
42
43
39
54
46
51
46
48
54
44
60
35
50
41
39
42
52
49
45
34
40
41
36
34
47
33
40
49
43
41
49
48
43
37
41
42
50
30
46
49
38
42
53
44
52
53
48
46
46
41
46
34
41
50
46
56
46
36
51
44
53
44
46
37
41
55
42
46
49
44
37
41
45
43
42
49
35
43
39
47
46
47
33
33
37
37
37
39
53
37
48
37
44
47
45
48
36
49
54
44
51
49
42
58
49
44
39
45
35
37
40
44
42
37
41
42
41
40
40
38
39
45
44
45
39
35
50
58
28
50
38
49
42
50
42
39
55
49
46
39
54
37
40
35
38
46
44
38
38
49
48
43
59
52
34
39
43
50
51
35
53
39
48
42
53
33
41
38
37
55
45
38
49
50
45
47
45
41
45
60
42
30
35
52
41
47
43
39
48
40
37
56
46
36
40
53
41
38
49
52
36
40
39
52
40
40
44
48
44
41
39
32
38
38
32
41
27
42
43
43
41
48
25
45
43
49
46
35
50
43
35
55
34
51
43
38
52
36
52
43
46
46
45
42
47
33
47
49
51
33
47
40
49
34
49
45
43
40
41
50
26
39
34
45
35
53
43
45
41
41
47
46
33
52
44
46
45
53
40
46
33
40
41
40
54
45
44
46
48
38
55
55
40
45
40
36
44
44
51
43
45
37
46
50
40
44
47
48
37
48
35
42
41
47
36
42
51
43
53
40
41
50
37
39
29
37
45
44
46
44
56
41
43
35
46
54
49
28
53
39
49
38
31
47
45
61
41
27
49
37
47
52
33
53
47
46
42
37
41
32
39
40
50
36
49
48
52
53
30
39
39
44
39
44
41
44
42
31
39
46
40
40
36
38
43
32
38
42
39
44
42
40
53
44
34
39
36
53
35
47
39
46
39
49
51
44
34
41
42
45
33
50
47
36
34
33
24
38
41
39
47
52
42
28
38
44
39
43
52
36
42
39
42
41
52
41
36
33
45
41
46
42
40
43
51
43
43
29
37
38
30
43
42
46
50
36
42
48
50
43
52
25
35
35
32
45
28
44
47
44
38
47
35
45
45
44
43
45
59
46
41
32
44
42
36
47
38
41
41
36
43
44
29
49
49
46
31
43
46
40
43
34
52
44
37
43
39
38
44
37
35
47
26
32
52
30
33
44
38
34
50
54
32
45
54
45
34
34
36
33
49
45
49
45
44
42
38
34
35
32
42
43
30
36
39
44
44
32
47
47
52
38
31
34
61
47
36
33
53
39
43
48
48
43
42
41
45
46
43
45
35
41
45
40
29
37
43
44
35
33
30
35
41
44
42
43
45
41
48
35
36
37
47
44
52
33
50
55
52
41
42
32
41
52
38
45
40
36
39
29
48
39
43
41
33
53
54
39
39
40
36
46
25
35
31
35
40
59
48
33
36
38
36
44
38
39
36
35
44
43
36
32
39
37
37
34
38
44
61
41
30
42
43
39
45
36
34
53
33
40
34
38
41
47
47
41
34
58
47
38
53
37
39
43
41
32
49
46
46
34
35
48
35
47
32
23
48
33
45
49
47
45
43
38
43
32
40
37
34
43
43
41
46
41
44
40
28
34
49
37
38
39
51
41
42
41
37
47
48
43
41
41
40
45
50
38
41
51
34
50
35
45
36
37
34
41
42
32
38
37
34
47
37
34
42
32
35
31
34
36
34
52
42
49
34
45
45
35
37
42
43
44
32
35
38
36
41
39
43
41
45
53
49
50
34
37
47
32
36
37
41
51
33
37
39
50
55
30
30
40
43
42
41
38
45
39
40
48
26
34
36
33
44
49
35
52
44
36
28
38
42
60
45
51
39
44
45
44
36
45
28
33
40
35
42
45
49
35
45
45
39
35
40
32
54
35
41
40
53
38
38
41
45
44
27
33
39
33
45
39
41
38
37
53
58
45
36
37
41
27
52
41
39
35
23
36
40
37
36
41
51
33
49
31
44
35
46
39
42
45
32
35
44
49
38
46
43
27
52
47
50
43
43
41
36
39
48
35
38
33
36
32
38
28
27
24
35
45
48
50
34
39
40
45
41
35
43
35
32
36
30
37
41
46
34
48
35
37
45
41
43
44
34
37
46
39
32
50
35
35
36
36
53
33
40
46
49
38
44
36
35
31
50
33
45
44
29
52
44
39
39
28
28
44
32
31
34
37
35
40
36
37
48
48
37
39
36
36
39
33
30
40
43
41
37
41
35
43
34
33
42
46
36
48
30
37
40
41
43
36
42
31
42
46
32
44
42
47
31
38
42
32
32
29
34
43
30
50
40
38
35
29
32
45
38
36
41
26
40
42
36
47
36
29
22
30
40
30
47
38
46
30
33
38
42
46
27
43
38
42
27
23
50
44
33
37
45
35
44
44
35
41
48
35
35
38
44
28
29
37
27
40
32
48
38
45
38
39
40
39
33
25
36
26
34
38
33
29
37
45
37
40
33
42
50
40
45
36
46
48
43
37
34
28
41
39
43
44
34
40
58
51
32
50
22
32
37
38
32
48
44
35
26
48
35
34
33
39
36
36
43
35
40
45
53
26
31
35
47
27
49
35
44
34
34
30
34
26
42
43
33
38
40
48
46
41
47
41
28
28
35
37
33
38
34
36
39
35
39
34
36
33
38
44
36
46
42
46
33
40
44
51
45
53
37
35
43
50
39
34
34
41
31
40
38
36
39
42
39
36
45
46
32
48
29
44
45
37
41
48
33
42
42
35
45
46
32
40
44
31
31
32
36
37
40
32
54
41
43
36
35
34
36
32
43
37
37
29
31
38
30
29
34
34
30
45
43
45
42
34
41
33
44
37
42
37
38
27
34
42
38
37
31
37
33
37
41
47
44
32
31
41
34
43
38
36
51
30
46
38
39
45
40
35
23
25
36
29
46
41
25
34
36
43
30
43
37
51
43
28
32
34
44
37
35
49
41
35
25
37
31
38
32
35
47
36
45
35
34
40
36
37
28
34
41
25
36
27
34
36
42
37
37
35
48
29
33
30
24
35
31
46
32
37
34
32
36
46
41
41
37
32
42
33
28
32
33
33
37
39
37
36
36
40
37
48
30
38
35
34
30
37
29
36
33
32
32
47
33
24
34
38
36
36
27
45
32
42
41
33
34
32
37
45
37
31
43
34
46
41
37
44
38
40
34
37
34
33
29
35
25
47
45
36
30
41
44
30
41
33
30
30
39
42
55
35
38
42
42
41
33
36
39
34
32
29
33
28
39
35
37
39
29
43
38
44
21
36
37
36
28
27
47
46
39
28
32
27
40
41
34
44
29
35
25
27
41
56
33
25
29
26
36
42
30
49
34
40
41
40
32
33
32
37
35
44
35
44
33
34
38
35
38
25
37
37
46
41
40
33
48
37
32
45
36
31
36
39
35
34
43
36
45
43
32
47
33
38
34
50
38
22
30
41
38
28
35
43
36
40
40
39
34
33
34
38
34
34
30
44
37
32
38
36
34
41
41
30
33
43
35
34
32
39
39
35
38
32
57
29
39
32
28
39
32
47
43
24
39
38
42
40
31
38
36
31
37
40
30
38
29
33
30
42
24
43
45
27
41
36
32
39
28
49
35
36
28
27
46
43
40
36
39
37
35
33
31
33
39
28
34
38
23
33
32
36
34
25
26
39
31
31
37
34
30
36
34
41
36
49
31
36
35
40
27
42
29
57
47
47
30
27
35
38
38
38
41
34
26
33
42
34
40
40
30
36
52
37
44
33
32
39
26
44
42
40
30
54
32
30
25
31
30
31
29
39
40
32
33
33
42
34
32
42
48
38
33
30
42
38
39
39
47
28
38
43
33
34
31
41
43
41
34
34
31
36
32
38
34
26
41
41
36
40
29
29
32
43
34
39
34
28
37
33
37
36
33
35
28
37
33
37
32
29
29
34
27
25
38
30
30
35
39
25
37
42
41
35
23
39
34
28
38
36
33
39
34
44
34
40
33
33
33
39
28
30
25
38
33
36
34
38
48
38
28
40
39
28
38
39
40
24
31
33
36
32
44
33
38
32
33
38
39
42
39
34
40
36
30
29
36
40
35
29
43
37
34
40
46
37
32
32
32
49
33
35
40
39
26
30
37
39
34
33
40
31
34
31
31
40
29
41
34
28
50
46
43
27
34
30
34
29
29
35
25
34
38
24
39
33
36
28
44
41
33
32
54
31
38
28
32
36
34
32
31
38
29
29
29
27
41
34
25
27
32
34
28
38
29
38
41
33
37
31
23
25
28
41
36
35
37
32
31
31
30
45
38
32
41
28
33
27
35
37
38
34
42
36
31
44
41
39
31
34
25
30
36
33
33
42
34
34
36
33
31
44
24
39
34
33
35
28
32
29
36
47
38
29
35
41
36
34
31
30
33
31
40
33
42
35
35
42
35
41
37
34
37
41
46
34
39
39
35
32
32
23
22
32
35
47
32
37
37
37
28
35
31
28
41
33
34
40
31
34
30
26
40
40
32
48
41
34
22
24
33
43
42
34
32
38
36
47
44
46
51
26
44
26
24
28
33
32
39
29
27
35
30
36
31
30
34
32
33
35
39
36
41
39
28
31
44
30
31
37
37
36
27
47
36
28
34
30
33
37
23
37
34
28
31
36
32
32
35
42
22
39
29
24
34
30
38
31
35
33
45
33
42
29
26
38
27
39
29
38
31
32
37
35
34
32
25
27
31
38
30
33
41
34
32
33
34
20
40
41
41
37
40
38
36
39
34
27
32
28
38
43
37
32
24
22
37
29
31
36
28
37
38
34
26
34
29
30
33
32
39
41
32
32
31
43
33
39
29
44
31
29
33
28
28
33
41
31
33
25
33
29
26
39
33
36
26
40
39
34
33
31
31
34
35
33
31
33
25
26
34
22
31
25
39
31
33
32
33
27
36
27
40
23
30
36
39
38
34
36
35
33
34
45
27
30
30
36
35
24
33
35
35
27
39
25
27
35
38
31
28
37
30
24
27
27
28
26
33
29
33
29
35
33
39
29
22
34
32
38
33
28
32
38
40
33
26
34
43
29
36
33
37
25
43
32
27
28
35
32
39
34
47
37
29
30
