36823
21361
15201
12060
10002
8781
7827
6993
6308
5864
5500
4968
4764
4449
4174
3954
3828
3728
3470
3233
3270
3077
2956
3000
2846
2759
2670
2589
2544
2475
2337
2267
2247
2177
2066
2141
2086
1942
1949
1924
1931
1893
1844
1724
1742
1637
1719
1638
1710
1672
1601
1609
1492
1481
1483
1449
1529
1483
1450
1364
1387
1341
1297
1346
1287
1277
1323
1322
1279
1238
1178
1181
1162
1252
1156
1150
1132
1150
1105
1164
1025
1029
977
1034
1056
1077
1032
1056
1009
1048
974
961
961
922
973
919
998
971
907
899
961
877
861
892
890
890
935
855
849
844
833
893
893
833
883
874
797
782
833
786
834
762
849
743
781
736
770
733
759
771
732
712
758
739
725
667
722
767
701
749
762
711
666
657
623
751
716
700
648
673
668
685
654
668
694
653
689
620
639
616
601
616
621
644
598
631
608
621
599
638
596
600
590
596
614
593
611
581
565
544
558
607
611
542
530
550
576
522
575
519
585
582
571
585
546
577
512
569
536
520
524
514
553
518
538
569
528
563
529
532
523
483
523
533
490
516
500
498
502
490
457
499
496
472
538
467
458
514
530
458
487
477
454
463
428
480
442
494
471
452
440
456
437
462
418
491
451
456
444
414
448
430
468
476
426
426
436
418
425
441
442
419
417
426
457
429
411
440
428
387
424
427
449
416
399
388
407
402
394
447
404
392
368
397
386
419
409
360
392
411
382
436
382
373
359
369
384
391
383
382
388
398
371
383
363
391
390
383
385
411
377
361
381
373
363
338
369
351
361
388
369
356
359
385
351
370
389
397
356
320
356
382
387
345
404
377
346
336
343
343
341
356
347
315
322
340
363
337
350
317
317
333
366
355
302
309
340
320
329
360
328
303
315
343
342
320
321
367
311
354
332
350
337
323
299
328
311
334
321
320
306
316
309
323
324
326
298
311
301
334
284
281
299
298
325
321
325
286
322
306
288
288
307
310
300
309
294
295
317
284
283
306
301
264
318
321
283
304
287
298
293
323
289
317
306
285
277
299
291
292
290
277
296
290
304
263
286
282
284
258
312
267
275
292
281
261
265
286
286
273
286
290
253
286
315
267
254
275
287
271
272
277
285
278
282
285
303
251
244
264
259
284
249
281
289
265
252
271
273
250
286
280
258
240
259
269
279
266
271
244
261
275
256
293
258
252
256
255
263
257
256
249
252
272
247
280
235
208
235
237
232
271
232
250
266
230
258
265
233
244
243
248
288
233
227
240
237
254
236
239
241
239
232
240
213
261
220
239
270
256
239
230
216
242
198
217
231
253
236
244
258
237
226
232
223
222
226
213
232
211
244
230
218
238
219
236
217
221
230
231
241
226
215
230
234
227
243
247
211
233
188
225
223
262
232
226
215
239
229
201
225
222
236
246
230
231
200
223
207
229
227
235
210
237
234
221
207
222
227
224
216
207
217
211
242
198
221
201
229
212
225
217
202
227
204
237
208
224
203
216
201
204
218
201
204
221
201
191
238
207
187
217
230
189
193
210
189
187
221
198
206
197
257
200
205
230
204
178
195
199
207
201
211
201
216
208
222
216
173
229
211
222
177
182
224
172
195
209
203
216
185
210
190
217
189
189
186
206
187
206
206
182
193
202
209
204
201
197
181
187
199
221
200
191
201
190
200
169
206
195
161
185
207
185
204
181
223
207
196
166
204
192
203
199
172
188
184
197
180
185
189
196
195
171
192
190
180
186
190
161
206
191
159
172
203
185
187
195
178
197
161
189
173
174
166
180
173
187
197
179
194
160
200
175
187
178
210
175
188
190
171
155
187
167
182
170
188
211
162
194
170
186
195
182
186
157
166
150
170
194
198
161
168
177
181
175
169
160
188
169
166
177
171
177
187
170
154
191
181
187
191
194
176
167
165
164
181
176
166
176
179
186
180
164
163
169
170
190
180
165
169
169
168
172
155
166
155
159
170
172
170
187
166
181
160
179
156
157
149
181
200
144
151
176
167
175
145
174
167
154
193
151
164
169
152
164
157
166
177
154
187
164
153
153
164
158
168
188
160
169
175
150
169
177
162
181
168
163
166
139
151
181
150
153
156
126
171
152
155
140
148
146
174
191
141
147
161
174
140
181
152
156
171
152
150
168
156
155
162
161
152
145
153
150
166
152
180
167
156
166
153
131
163
156
153
146
158
179
164
148
169
162
164
144
137
139
148
165
150
169
172
146
138
156
159
138
132
144
154
137
128
171
139
144
148
137
138
133
140
154
146
167
158
175
160
150
159
169
153
166
152
175
145
150
148
145
137
162
166
176
170
165
154
156
159
158
144
147
144
156
141
152
145
147
130
145
135
149
130
140
133
163
137
135
156
149
144
132
142
140
136
137
165
126
138
144
142
128
127
171
146
154
129
153
153
142
159
142
154
133
128
135
136
141
127
139
139
143
127
135
146
132
137
122
148
138
158
143
134
153
142
132
140
136
134
128
134
158
129
140
152
138
140
130
137
155
148
128
148
130
137
126
145
158
133
128
154
144
136
143
146
130
143
137
118
122
131
157
150
134
132
136
126
134
135
130
137
150
132
130
137
127
140
146
136
134
146
123
140
112
120
124
140
134
141
140
108
139
146
134
118
148
122
125
123
122
134
139
130
110
130
112
151
143
137
123
110
127
127
138
128
132
142
125
129
120
137
114
140
124
123
141
147
121
141
140
145
117
141
140
116
115
122
136
137
103
120
139
139
128
123
118
126
117
120
124
121
150
143
147
120
136
133
141
118
103
131
130
121
136
137
126
125
149
101
124
138
130
121
127
129
109
106
117
129
117
133
132
131
111
139
139
109
122
125
136
125
122
98
131
121
123
130
124
130
138
124
139
127
117
117
130
138
113
118
104
110
101
126
106
135
107
120
137
113
126
133
119
118
149
135
108
132
107
116
128
122
124
104
114
106
115
103
124
118
108
124
119
117
139
116
112
145
124
140
120
136
113
122
128
108
123
133
106
128
115
109
109
127
90
127
113
110
110
145
112
119
101
123
115
91
125
120
97
146
115
121
115
115
114
97
99
118
104
119
111
107
116
135
121
116
116
118
132
105
115
114
123
123
136
101
117
117
120
108
110
117
117
130
122
95
118
96
116
121
113
109
115
118
102
112
116
122
116
113
134
108
114
111
97
115
112
103
124
95
123
109
102
102
124
132
100
117
101
104
115
105
135
108
106
117
120
91
106
106
117
105
101
99
120
117
112
108
135
105
115
105
117
131
106
112
115
116
120
109
115
96
124
113
114
95
103
123
85
98
130
96
122
118
110
118
106
104
115
116
115
116
105
101
123
124
106
113
91
108
105
105
125
109
113
95
121
109
115
95
124
123
94
113
96
94
88
97
99
109
108
115
115
110
99
107
106
127
97
118
111
101
111
116
102
123
107
103
117
107
109
111
99
98
99
99
104
110
103
108
88
91
121
99
99
107
100
100
105
106
113
104
98
110
106
106
120
106
97
100
111
92
101
98
93
123
105
101
92
106
113
107
95
106
119
103
110
108
103
93
103
108
95
106
109
112
107
88
97
105
91
99
121
114
94
118
116
111
106
103
94
81
97
99
96
98
104
84
111
98
92
104
102
109
104
116
101
90
109
104
116
106
101
107
106
118
76
99
87
93
100
113
102
131
100
87
121
112
86
79
102
109
84
125
106
113
106
79
85
106
93
104
95
99
94
77
104
96
85
94
111
84
93
89
108
85
100
75
105
101
101
90
90
98
82
111
97
88
112
104
118
99
98
78
114
114
98
88
95
106
101
111
94
100
87
103
93
102
91
127
99
104
104
94
101
110
111
93
83
109
103
76
102
86
90
92
111
120
86
116
110
94
105
105
101
84
92
103
112
114
86
84
104
90
93
87
91
95
98
97
78
95
99
103
99
109
83
108
103
100
94
83
90
109
93
93
101
98
102
78
98
87
102
100
97
107
95
105
106
92
107
74
108
87
90
82
92
83
101
101
88
101
93
77
113
98
97
99
106
89
88
92
95
79
107
94
108
93
85
97
93
89
87
90
103
80
91
92
105
86
86
90
97
96
95
96
93
84
106
92
98
95
91
105
94
103
102
87
94
92
97
97
101
81
106
81
83
96
96
79
86
90
92
101
100
83
91
103
72
86
68
91
72
94
74
115
110
99
87
80
106
86
118
73
98
95
92
98
75
82
107
88
105
78
102
94
83
86
100
96
89
84
103
73
96
87
96
92
84
85
93
96
89
84
97
86
86
103
74
79
95
97
92
110
88
90
86
78
85
93
90
100
103
75
88
99
102
91
88
87
84
84
91
95
104
83
97
97
97
86
82
89
80
101
79
83
88
75
90
95
107
84
76
105
77
78
94
82
94
86
85
85
75
70
98
101
107
92
85
68
84
93
71
76
85
90
83
89
87
82
98
80
92
76
82
75
73
94
101
80
93
84
70
91
71
73
83
84
86
94
79
105
102
95
87
93
93
96
88
87
70
84
77
76
89
91
97
78
97
89
73
91
70
87
97
67
91
81
80
81
94
103
81
82
98
62
91
86
115
106
100
80
97
87
86
93
80
82
91
78
74
88
68
97
79
92
86
70
83
88
88
87
72
100
99
76
80
87
93
94
75
71
93
78
57
92
62
76
66
93
78
88
95
80
103
95
83
71
101
74
89
91
74
74
99
83
76
76
79
72
91
62
86
89
88
74
70
90
96
75
79
79
77
79
73
88
73
87
78
89
86
79
89
77
71
74
94
92
80
91
78
89
87
85
89
82
82
93
90
84
80
69
79
85
94
82
76
78
79
92
82
88
94
84
83
81
69
100
76
101
74
69
82
79
88
77
78
67
93
90
91
76
84
86
73
67
83
80
59
74
83
76
69
92
74
101
80
82
85
91
96
76
86
67
90
70
82
78
62
77
75
79
73
65
73
71
89
83
85
83
79
79
67
78
77
72
77
73
77
73
72
95
78
78
75
88
81
85
88
57
70
96
80
84
80
88
68
90
87
64
58
88
73
82
63
90
74
85
72
95
67
80
75
86
94
72
84
63
94
88
70
66
89
84
81
81
82
77
80
76
95
88
72
82
85
92
87
84
79
66
80
79
77
85
66
70
73
92
71
63
81
78
75
74
78
74
83
82
78
83
83
86
83
72
77
67
77
71
88
69
81
68
73
86
70
83
73
97
81
66
85
79
69
71
83
73
61
83
65
93
70
57
69
76
82
79
70
64
78
80
70
89
73
79
89
73
82
77
72
68
75
76
69
50
78
86
86
77
70
75
82
72
76
76
69
74
87
67
78
81
78
74
85
88
65
68
60
99
74
87
97
73
81
74
67
70
69
73
81
78
91
74
75
57
77
76
71
80
64
68
77
66
70
72
79
76
88
79
82
85
73
63
82
87
78
59
76
75
75
76
78
76
86
79
89
81
79
74
71
76
57
85
78
90
76
81
67
62
83
86
82
74
85
70
78
56
66
72
88
71
67
69
57
75
80
62
73
70
82
75
86
59
72
64
61
74
73
61
70
70
76
74
73
86
76
73
61
70
67
81
78
80
69
80
63
75
72
74
75
70
88
81
66
78
71
62
63
78
60
62
68
62
79
77
76
58
86
70
64
79
70
61
70
56
62
75
59
63
96
70
71
76
86
56
67
70
65
65
71
62
73
70
66
67
74
73
59
73
67
72
64
60
87
69
59
67
78
69
71
91
73
66
69
54
75
62
70
66
64
55
62
57
78
59
79
49
73
68
71
84
64
68
49
61
70
72
72
72
71
69
74
80
60
62
82
68
88
75
84
68
69
54
60
74
65
70
69
80
72
77
60
50
79
66
73
80
51
64
76
72
68
61
78
66
63
68
75
64
82
64
68
69
66
71
83
66
79
62
80
68
73
72
89
60
78
58
72
77
52
77
62
58
57
83
58
65
70
66
61
77
83
74
59
63
69
72
60
78
52
66
67
82
66
76
86
69
82
71
60
76
66
57
67
68
70
68
68
73
69
73
74
49
72
68
64
68
57
59
75
72
64
66
71
69
66
59
75
72
67
57
58
84
57
58
61
68
64
56
68
53
78
65
62
71
68
71
70
66
69
77
45
46
81
65
66
81
60
79
67
68
75
81
49
62
71
78
54
56
62
56
63
84
73
53
69
60
55
66
66
62
67
69
72
64
63
68
84
84
68
81
65
68
60
59
67
76
57
65
67
70
53
63
69
74
71
69
70
67
71
64
51
68
57
65
87
60
66
79
54
65
67
59
61
62
71
82
78
61
65
81
68
58
71
59
58
68
67
64
66
66
62
70
61
57
63
57
72
55
51
56
75
51
73
65
71
57
67
61
59
72
75
54
63
71
68
78
52
71
65
70
64
72
61
52
72
62
65
66
54
53
88
56
77
76
74
69
65
49
56
49
66
52
64
58
63
64
51
71
64
66
76
64
64
73
71
78
64
61
66
50
54
73
66
72
75
69
81
72
53
67
64
51
55
69
60
69
66
53
70
56
71
65
67
59
56
74
57
79
59
51
57
69
56
69
65
56
64
61
68
61
65
62
57
61
65
63
58
57
68
55
69
68
71
60
50
64
57
58
73
69
56
50
49
84
69
57
61
57
66
64
61
63
71
53
68
59
56
60
49
45
70
56
49
56
79
60
58
78
47
58
75
68
50
63
74
64
56
56
80
63
63
73
68
71
56
67
59
67
51
58
74
60
64
58
69
65
63
67
56
56
58
64
45
62
53
69
78
58
50
61
61
50
61
67
52
61
62
62
72
39
81
68
69
64
74
66
73
71
63
58
63
61
59
73
55
72
61
76
75
57
69
54
55
61
61
47
62
67
60
53
58
55
59
49
57
54
65
77
66
53
53
63
60
67
65
48
64
63
66
60
54
49
61
45
54
67
57
55
65
67
57
42
51
69
62
51
54
60
60
62
79
52
68
69
59
63
58
56
52
77
46
59
59
65
63
65
55
63
56
64
69
61
46
54
76
50
72
62
58
68
65
68
64
59
72
44
60
66
69
62
67
68
60
66
53
55
61
65
58
52
65
62
62
45
56
75
56
70
51
70
55
48
65
65
61
60
62
61
60
53
45
46
72
69
60
65
68
53
55
49
50
55
65
54
62
63
63
57
59
67
64
50
53
55
52
61
55
68
52
63
64
69
56
53
59
62
46
51
46
60
68
66
50
61
65
78
61
64
52
63
59
66
58
52
49
53
68
60
66
58
39
54
58
50
59
59
51
53
64
58
57
57
57
66
56
56
56
62
51
58
64
56
61
65
64
42
56
65
58
72
56
55
66
58
56
63
66
53
56
52
64
60
56
57
56
61
65
53
44
40
60
60
59
60
45
66
55
50
52
66
56
69
65
55
62
75
49
54
60
71
59
66
60
59
53
56
58
63
57
58
61
58
67
56
67
61
53
58
51
50
76
51
50
58
59
74
55
61
60
51
63
56
55
59
56
57
56
56
74
58
55
48
56
53
53
68
65
58
42
56
55
56
62
68
63
47
66
52
46
73
57
56
43
52
59
52
50
71
61
56
59
63
53
72
61
66
63
55
41
67
58
57
58
58
46
52
52
57
65
54
52
57
64
50
49
56
63
49
48
59
47
44
55
57
55
58
55
71
46
54
61
43
59
43
60
49
58
68
59
49
74
53
61
57
60
52
65
52
70
50
71
59
56
53
40
58
57
52
52
45
58
56
50
65
53
57
54
54
54
72
57
44
59
59
49
67
63
59
63
57
70
69
53
47
48
71
59
38
54
52
54
55
56
48
64
50
53
49
51
58
58
64
44
51
56
53
62
48
68
51
51
55
60
56
63
68
56
46
52
53
60
54
64
47
54
47
55
67
54
41
48
44
49
57
54
47
50
51
48
49
55
50
43
46
54
48
60
47
53
53
60
50
60
44
46
45
62
64
50
68
43
57
57
58
43
51
58
49
52
57
49
59
46
52
48
55
37
72
72
55
55
55
55
57
53
48
54
53
59
64
60
48
53
50
53
47
45
58
54
46
58
48
52
52
41
60
56
53
47
53
58
64
60
42
58
54
59
54
52
51
56
53
59
64
61
53
48
46
55
52
49
57
59
63
50
63
57
57
56
50
59
44
45
55
66
51
59
48
47
56
57
49
59
47
54
37
60
48
50
36
42
50
51
70
55
53
48
50
37
57
49
48
44
56
43
69
36
59
51
53
38
43
55
47
41
53
56
50
65
50
50
61
58
41
45
39
44
49
53
40
50
55
58
55
52
52
60
49
61
60
50
51
57
49
63
36
58
41
52
54
54
48
50
66
50
53
66
53
54
61
60
52
48
44
50
51
52
47
66
56
51
59
64
48
54
55
56
49
48
56
58
47
45
46
54
45
48
38
52
41
64
48
38
41
47
61
29
46
61
41
53
71
46
41
49
50
47
63
49
46
57
57
52
47
57
54
59
45
53
54
56
49
40
62
53
62
60
51
66
59
63
61
53
50
49
38
41
51
33
60
59
44
57
58
43
45
58
53
51
36
50
56
61
50
51
51
56
43
53
31
44
54
54
49
65
56
50
45
66
53
52
47
52
44
49
43
42
52
48
57
41
55
52
43
49
50
49
64
53
60
56
42
40
44
58
57
58
57
38
54
57
60
66
54
53
55
48
55
47
43
51
58
56
55
55
56
48
49
38
57
49
47
59
57
52
59
39
58
57
53
54
47
41
59
65
42
53
44
56
54
49
49
51
63
56
57
36
53
48
46
44
54
60
44
43
47
48
51
50
64
52
53
51
53
43
49
45
46
50
51
46
53
48
47
57
48
52
48
47
58
45
45
48
43
43
56
41
47
36
56
48
58
51
61
58
38
52
60
59
46
34
51
51
55
49
45
62
45
60
45
53
63
48
51
56
56
48
42
48
44
39
53
52
38
41
65
51
59
34
37
53
50
31
62
45
55
44
54
48
57
56
55
49
37
59
50
67
57
53
57
41
46
46
44
40
56
48
29
54
35
41
42
50
64
40
51
60
56
33
49
48
49
51
45
41
55
46
53
48
56
55
57
50
55
53
38
52
60
51
54
41
43
61
43
53
49
46
45
57
56
49
52
50
48
61
55
46
41
54
45
62
54
60
42
43
52
36
55
54
70
44
55
50
39
49
52
46
41
47
50
54
54
37
52
42
40
53
60
41
51
58
54
54
43
51
42
49
37
47
47
54
48
65
42
42
49
51
46
38
47
60
38
49
35
54
52
46
48
48
52
39
39
47
38
46
50
44
42
57
52
43
36
44
43
46
44
42
54
56
48
52
54
49
58
35
58
40
52
50
40
50
51
41
46
33
41
57
47
53
60
41
45
41
53
52
49
47
50
43
56
45
51
45
49
44
51
39
51
40
35
36
44
49
39
40
40
48
50
54
48
43
42
42
47
44
45
44
54
49
53
40
50
47
37
51
51
57
48
51
44
51
46
48
42
59
55
49
48
48
49
50
50
57
43
52
39
56
43
54
60
42
38
44
45
60
54
43
51
50
57
37
57
53
46
50
51
48
55
53
40
39
49
51
48
46
49
51
41
38
51
45
53
39
32
40
45
51
53
49
63
41
54
46
49
49
47
54
41
58
61
62
44
38
54
52
42
62
42
50
42
52
42
54
39
46
51
57
40
54
44
38
42
44
44
43
39
53
46
48
40
44
52
53
36
38
47
61
53
60
48
52
49
46
46
40
34
47
44
39
41
48
35
46
41
46
44
50
64
53
58
48
38
52
44
50
41
50
54
42
45
52
41
54
48
33
41
51
41
49
55
62
37
45
53
49
36
36
42
57
41
47
39
53
32
40
59
39
58
45
41
41
54
44
49
38
38
51
41
51
40
54
44
52
37
48
55
54
53
55
54
39
50
36
41
42
39
44
42
54
50
33
52
36
47
40
48
46
47
67
46
44
37
42
41
50
46
35
52
40
50
51
34
49
62
47
45
37
32
43
43
37
42
42
35
44
45
49
50
44
41
54
55
42
33
36
34
45
40
53
33
34
50
38
51
45
57
58
40
51
47
41
53
49
49
46
52
51
44
51
54
40
47
49
49
34
54
29
41
35
44
58
59
49
48
40
30
38
44
47
46
42
47
50
50
53
51
41
35
50
58
54
54
34
45
45
47
46
39
47
56
51
45
41
35
51
55
38
59
43
44
46
37
43
46
48
41
45
47
48
51
49
37
47
46
55
52
37
47
58
51
47
44
53
45
48
42
45
47
52
69
45
40
34
35
47
50
55
38
53
42
44
63
50
46
43
48
50
33
38
36
52
42
45
47
38
33
49
42
46
35
36
27
53
38
50
40
45
66
51
47
44
51
36
42
37
40
52
34
53
59
27
53
44
44
52
50
35
44
47
41
44
48
37
44
41
47
51
35
43
48
44
53
44
39
65
37
43
46
39
57
44
31
50
36
47
35
56
51
46
44
35
37
43
50
39
29
42
29
35
32
44
47
40
58
38
44
39
47
38
54
50
42
32
54
39
40
46
49
30
54
54
38
50
50
53
48
42
33
49
38
43
41
43
40
42
41
48
40
35
52
42
39
50
43
34
42
44
40
56
38
59
57
43
58
37
47
36
43
38
27
42
41
48
36
35
44
52
34
40
33
45
36
35
44
50
41
46
50
48
48
39
47
44
34
54
36
53
44
46
49
43
45
31
54
42
50
49
41
52
42
49
46
50
48
44
44
43
32
39
43
44
40
37
47
38
41
49
47
42
45
50
48
44
44
41
32
54
59
39
41
47
62
47
38
47
44
46
42
40
45
40
41
35
31
45
41
39
42
21
50
61
46
49
50
42
42
44
49
42
40
29
38
41
47
51
31
32
34
37
49
42
47
41
30
39
41
43
38
46
45
53
42
35
45
33
37
45
36
39
46
45
41
48
43
41
57
43
49
36
52
53
34
51
42
45
40
34
33
45
41
33
52
53
49
42
41
45
46
48
42
47
44
38
37
35
32
33
46
52
38
35
38
56
49
50
25
32
41
42
56
34
42
38
40
50
37
41
31
33
44
42
32
36
45
35
41
56
45
55
33
54
42
36
48
30
42
47
52
34
40
44
45
38
41
50
50
48
49
41
46
58
43
39
42
42
40
40
34
37
54
43
39
34
46
36
41
45
38
35
42
48
36
40
46
44
38
51
53
40
30
37
42
35
37
35
35
49
48
35
36
40
43
34
39
42
44
35
43
46
44
39
40
35
52
54
49
36
49
49
40
31
39
37
24
47
48
43
35
34
48
36
38
35
47
39
46
41
28
38
40
48
39
43
34
43
32
45
40
37
36
35
42
35
33
40
52
37
34
45
57
27
35
34
36
41
31
33
37
45
40
41
41
45
36
41
44
32
47
47
48
47
34
30
43
33
37
44
50
37
43
42
51
41
34
38
39
49
41
51
37
45
45
35
44
33
39
39
33
41
38
36
41
39
41
46
36
48
42
37
41
48
46
49
36
39
43
42
36
51
42
35
34
45
47
44
39
39
36
45
34
43
41
36
37
42
46
34
40
42
33
40
42
36
34
39
44
51
39
45
55
38
39
30
36
35
45
37
29
40
54
35
50
34
32
49
38
47
34
38
30
45
43
32
43
40
47
33
46
41
51
40
40
36
39
40
42
45
40
40
34
45
42
32
35
36
38
40
50
38
43
39
36
36
45
48
38
40
42
37
40
44
41
37
56
40
31
40
33
40
38
48
43
38
35
37
37
39
37
39
45
38
34
40
48
39
46
38
38
36
47
29
44
52
38
36
35
29
39
41
36
28
36
36
42
42
41
26
32
27
35
30
33
33
46
31
34
44
37
48
38
40
57
28
38
44
32
51
35
40
35
42
44
42
39
45
43
30
43
34
44
39
40
45
35
38
45
35
36
33
43
46
44
31
45
33
43
38
25
45
42
32
37
39
46
23
37
45
45
35
30
30
33
34
39
36
30
42
39
44
28
47
40
35
37
19
29
47
35
34
44
38
38
36
34
44
43
51
32
40
33
42
36
31
37
34
45
34
27
31
37
40
37
28
34
43
40
41
45
44
36
35
33
33
31
43
23
44
36
32
46
43
53
41
34
31
36
36
35
32
43
40
35
46
34
37
28
41
50
48
39
42
46
65
39
45
35
43
35
40
31
39
35
38
42
36
42
30
36
37
38
38
43
44
28
43
42
40
46
33
40
41
25
44
45
38
52
43
41
29
57
31
51
37
38
33
40
42
42
47
45
31
37
37
34
34
33
43
49
45
28
31
38
36
43
41
39
44
39
35
26
37
25
23
29
41
31
35
35
31
38
35
42
36
41
31
42
39
50
30
42
45
35
43
42
32
37
32
39
38
35
38
36
42
45
35
35
40
36
37
23
37
42
38
43
34
38
28
36
40
49
33
38
35
45
35
39
43
48
45
34
41
44
36
35
30
42
40
37
47
36
38
35
36
34
42
48
33
34
43
37
42
40
33
39
37
37
33
33
30
45
48
45
40
42
38
51
36
40
32
40
39
40
59
38
39
34
41
39
51
42
35
38
47
40
41
33
37
46
40
34
37
44
36
40
43
46
38
37
34
34
40
35
34
33
32
31
40
33
45
45
42
34
39
50
36
45
49
38
31
30
37
39
47
27
45
39
39
33
36
46
48
42
34
35
38
40
29
49
37
29
35
38
41
43
51
35
30
28
47
30
33
45
44
38
44
28
36
43
34
38
47
41
39
41
43
32
30
31
42
37
34
38
34
32
42
32
34
35
45
37
31
31
31
38
40
34
34
36
54
43
40
33
31
36
39
50
33
33
40
40
39
35
38
32
32
30
33
40
30
50
37
31
35
42
31
42
34
27
38
35
41
42
48
41
42
33
43
44
44
37
39
34
46
41
38
37
38
44
38
46
40
48
47
36
34
41
41
50
33
38
39
40
33
40
44
40
33
33
43
45
63
37
32
30
32
26
43
42
27
36
41
40
38
36
38
26
35
33
38
39
43
33
30
40
32
29
29
38
28
27
39
34
47
40
27
35
43
28
39
46
36
42
32
40
38
30
36
41
36
42
29
36
25
41
26
41
41
45
41
26
34
39
29
32
33
37
33
37
32
39
31
32
36
40
39
35
48
36
47
38
27
29
35
36
48
28
35
38
33
28
47
34
32
35
35
45
37
35
26
34
28
35
40
32
32
31
37
39
29
42
35
47
39
35
33
27
30
36
35
42
31
40
19
35
33
27
38
27
33
37
41
41
35
33
46
37
43
34
40
35
38
32
42
31
38
31
34
28
40
37
23
34
44
39
34
41
31
38
28
35
39
45
42
27
35
38
35
41
36
34
35
40
30
44
27
37
40
25
38
41
28
38
22
49
42
31
37
23
41
46
28
37
33
41
31
37
39
35
35
29
31
36
30
37
44
36
39
39
38
38
48
34
40
28
43
43
40
35
44
32
48
28
34
34
31
35
33
37
37
27
32
44
44
37
27
38
39
41
35
25
27
27
43
32
31
29
24
35
29
52
39
35
42
32
34
35
35
36
36
33
34
27
39
43
39
34
27
39
38
31
48
40
31
34
36
38
37
36
37
37
34
32
43
30
39
38
39
42
40
31
42
29
39
35
34
31
28
35
35
32
37
43
31
39
32
42
24
37
33
39
34
37
38
35
29
35
28
34
45
34
40
28
33
27
36
34
31
26
32
26
45
35
42
41
33
32
29
42
37
35
33
28
35
29
33
26
31
31
21
45
38
33
29
36
41
34
43
31
27
28
46
30
40
34
39
40
32
37
36
32
39
33
33
36
39
30
31
45
32
39
42
32
34
36
32
24
41
35
33
31
37
44
33
28
32
38
33
31
36
30
39
31
29
34
37
41
41
33
38
32
29
36
33
42
22
44
26
34
24
32
34
34
32
17
35
43
33
34
32
32
32
35
31
41
28
27
35
35
32
35
37
33
27
40
31
29
31
33
44
39
29
27
38
42
33
39
33
42
46
31
40
33
35
44
36
34
36
36
35
39
33
36
38
40
31
30
37
34
36
28
31
30
36
40
33
35
30
28
34
33
33
34
36
30
31
42
35
23
31
33
38
27
38
27
40
30
35
31
22
34
42
31
41
31
48
31
36
32
35
32
30
31
31
41
36
35
31
40
28
26
28
33
29
15
36
28
29
37
32
32
25
38
29
37
20
38
36
40
41
27
31
38
36
39
36
33
33
31
37
30
39
38
38
41
33
44
27
28
28
27
33
29
31
31
46
37
35
44
29
33
34
41
36
32
34
40
29
37
37
34
35
31
32
29
39
32
33
34
20
33
46
33
28
21
36
34
30
26
35
44
23
39
39
36
31
30
30
27
29
31
36
31
32
29
27
29
34
22
27
31
34
40
39
27
31
41
36
46
35
45
45
36
33
37
39
35
29
24
25
33
29
36
20
30
39
48
46
27
43
32
34
39
37
29
32
41
34
35
37
34
31
37
21
41
27
43
36
36
40
42
38
45
36
29
32
25
43
31
24
30
35
30
31
45
32
33
41
40
31
31
36
30
31
38
42
26
23
36
33
30
37
40
35
35
43
33
30
30
31
42
28
37
42
23
25
43
34
30
30
22
28
36
21
30
26
35
38
29
27
35
32
31
40
39
31
34
40
44
33
28
25
22
26
31
32
44
34
39
35
28
35
32
26
30
38
24
29
29
30
39
30
45
45
37
29
37
32
38
28
32
28
33
37
28
32
34
33
25
23
32
42
39
30
37
23
26
22
27
30
20
39
34
29
35
29
39
34
34
37
24
41
29
27
33
42
36
45
26
42
35
33
31
32
28
22
41
30
41
32
31
31
35
29
35
39
36
22
28
29
36
25
28
22
31
40
29
28
33
23
37
32
26
24
31
33
23
31
20
36
43
25
14
31
39
24
33
21
29
24
26
38
29
30
32
25
33
39
34
28
24
31
37
34
54
29
35
38
26
28
29
34
41
29
47
30
26
31
30
34
26
32
34
34
39
36
32
34
51
36
30
40
32
33
34
33
31
33
37
31
34
31
41
34
27
26
30
25
35
44
26
37
36
36
27
23
28
37
28
33
31
28
35
30
39
31
33
23
30
31
32
40
26
36
33
35
32
31
40
31
35
37
30
29
27
39
21
35
38
28
31
34
28
34
35
41
30
33
22
24
32
29
26
22
37
29
23
30
32
27
33
32
31
35
27
32
34
31
31
31
34
23
33
34
36
30
37
44
37
28
28
29
27
46
38
28
24
31
34
40
35
40
31
38
40
39
26
26
32
22
31
27
34
33
28
31
36
32
41
27
22
31
35
33
32
32
34
32
34
34
36
21
23
30
34
39
34
30
28
32
47
32
23
36
26
34
31
37
35
34
29
31
33
31
22
28
40
31
25
33
23
37
30
29
39
40
26
31
34
28
36
30
43
33
22
25
34
35
41
29
39
32
32
33
29
32
34
40
27
31
41
23
25
26
31
33
35
31
24
27
29
37
33
34
45
29
34
38
21
31
32
25
28
26
26
30
37
26
36
35
47
25
25
18
32
18
32
29
23
32
27
36
29
34
30
29
29
31
30
32
24
33
32
29
41
28
32
37
30
30
35
22
31
21
30
27
28
39
25
28
26
29
28
27
34
32
37
25
24
19
41
30
35
27
38
31
37
36
36
38
35
29
39
26
31
30
29
27
31
34
35
36
32
35
33
32
31
41
34
28
28
42
38
33
33
43
25
29
25
40
28
22
26
21
33
34
45
39
23
28
24
28
35
18
23
29
31
38
34
28
25
36
29
27
20
33
33
35
31
36
34
30
28
26
36
41
24
30
31
30
24
30
29
40
26
26
36
34
41
31
32
28
31
31
31
33
33
21
29
28
27
34
32
29
23
27
29
35
29
34
27
35
34
36
32
30
31
33
30
31
24
23
26
32
34
19
29
21
23
33
28
33
23
34
28
36
33
32
32
28
36
31
30
23
29
40
35
30
25
28
29
27
28
40
30
36
27
29
37
33
28
22
27
29
24
28
27
33
20
26
35
32
18
34
39
29
32
43
29
26
24
41
30
35
29
32
27
26
41
27
29
24
33
33
31
33
32
28
39
30
27
38
26
31
40
35
29
28
32
25
40
31
29
36
33
25
35
18
36
32
27
29
45
29
20
24
23
23
22
30
27
26
33
29
35
23
42
18
29
31
34
28
25
39
39
33
29
42
30
34
19
38
29
31
26
23
31
37
24
37
33
33
37
31
34
34
22
25
30
27
26
27
34
28
30
33
40
30
32
36
25
32
29
42
33
35
23
31
34
32
32
34
36
37
21
40
26
30
36
35
33
32
34
25
38
20
33
31
25
20
27
29
19
34
29
25
24
30
26
27
22
34
27
27
31
35
35
31
32
26
36
33
35
38
18
25
35
32
28
30
23
30
36
26
23
32
35
35
28
22
23
24
36
30
31
36
31
27
28
31
35
34
29
24
26
30
23
34
19
27
26
31
25
43
24
24
30
22
24
25
43
24
32
30
28
25
30
34
25
30
37
34
23
36
29
28
25
25
25
39
38
36
29
34
35
30
36
24
28
23
26
31
21
35
28
29
32
35
20
23
28
38
34
29
26
33
23
26
25
37
25
29
36
31
16
26
26
25
28
23
31
26
18
27
25
33
23
45
39
37
28
33
39
29
27
27
28
38
27
32
25
36
34
28
38
23
25
30
29
34
27
33
37
34
35
33
33
32
25
27
33
30
27
30
31
30
25
25
27
28
24
30
26
29
33
24
29
34
28
25
37
33
32
26
27
28
26
23
28
33
25
32
34
25
29
35
31
34
23
24
32
30
24
30
32
33
26
26
26
33
23
33
34
35
21
26
30
34
22
24
28
38
35
26
33
41
29
41
24
29
37
33
30
28
36
32
25
34
34
27
35
32
35
29
30
33
24
27
22
32
24
30
24
31
30
25
29
24
29
24
28
26
27
23
36
37
38
38
25
29
25
27
32
30
40
31
31
19
36
33
25
35
29
32
30
24
25
27
22
36
24
31
31
29
29
20
34
28
29
25
30
37
26
26
33
22
24
35
35
31
33
32
34
38
30
35
28
26
24
26
20
25
28
31
30
25
27
25
24
31
32
26
32
28
24
25
33
39
28
25
31
31
28
22
30
32
21
24
32
21
19
30
32
27
27
19
23
29
31
26
31
33
39
30
23
32
28
41
34
24
17
34
23
21
39
21
34
33
26
36
22
33
26
44
25
23
30
30
29
28
32
27
22
23
21
33
32
23
30
27
25
29
41
21
32
32
33
40
41
24
27
35
25
19
24
25
28
34
31
27
22
19
26
33
26
28
32
26
26
26
31
30
31
36
30
26
26
24
18
22
38
13
22
26
24
19
27
29
29
27
35
28
28
21
26
21
23
24
32
31
39
29
35
38
29
23
25
23
27
35
24
31
30
22
36
35
37
32
43
22
34
35
33
26
37
31
33
26
27
25
19
22
24
21
32
27
27
30
21
27
33
35
42
24
25
17
25
27
28
32
37
24
34
30
30
31
20
26
35
29
36
34
30
31
31
22
26
27
31
32
26
28
30
23
24
21
33
31
27
30
24
27
25
30
26
24
32
29
30
25
34
25
24
19
33
27
27
16
26
35
26
20
27
24
26
29
28
20
34
23
39
31
30
27
24
30
26
25
28
23
29
32
29
22
28
18
17
25
23
20
25
33
17
24
29
27
26
24
35
22
28
32
29
29
23
35
27
20
31
15
26
34
30
31
31
22
34
41
28
28
25
21
32
25
29
30
32
28
26
26
26
33
29
42
29
29
29
33
25
27
46
21
36
28
26
23
37
35
27
33
33
28
30
34
27
25
20
35
32
24
31
24
19
32
27
30
26
24
30
27
25
25
37
23
36
35
27
30
26
29
29
33
26
28
25
31
34
33
29
23
26
36
25
31
31
30
30
39
36
29
32
29
25
41
28
22
26
28
26
23
23
24
27
30
29
33
33
32
22
33
19
24
27
38
26
25
24
27
28
27
27
25
31
40
28
28
27
30
37
28
20
31
30
23
27
34
28
29
39
24
27
22
25
22
31
30
16
28
25
34
28
30
32
24
33
35
27
31
23
28
24
33
32
29
27
35
34
29
35
27
25
22
24
33
33
29
31
24
24
29
21
31
30
32
26
25
17
24
32
28
30
33
31
26
29
18
20
22
27
25
34
24
25
38
22
31
38
32
32
38
33
26
28
25
26
35
40
28
22
23
29
28
22
21
23
22
32
36
30
36
29
29
36
18
18
28
36
29
33
23
21
26
27
34
26
35
30
27
20
32
22
35
30
26
27
21
26
30
31
27
34
17
26
26
27
25
17
26
31
32
34
29
26
30
29
21
29
26
25
37
28
35
36
24
34
27
20
24
34
38
27
19
28
26
21
27
23
31
24
20
33
28
27
23
29
20
32
33
25
26
28
26
31
29
21
39
25
24
32
33
25
22
28
18
21
25
31
33
27
24
19
17
30
20
30
26
25
25
20
23
26
29
40
31
37
23
28
31
25
30
29
27
26
32
25
31
23
21
26
28
31
26
26
34
20
27
22
38
31
23
16
22
24
34
25
23
44
30
26
17
32
20
23
29
34
25
21
30
19
26
30
34
23
29
24
27
23
19
20
24
32
28
35
29
32
21
27
27
28
35
23
29
22
33
28
25
22
40
25
21
30
14
26
22
22
33
25
14
28
29
26
19
22
34
32
35
26
35
30
14
19
21
31
29
30
29
21
25
35
27
35
27
29
17
34
22
18
35
33
30
28
32
27
24
22
23
24
38
20
22
20
27
34
34
23
24
21
26
20
29
27
25
35
28
28
27
25
36
28
36
26
29
24
22
36
34
25
17
40
24
21
22
33
27
21
31
25
28
25
29
28
34
31
23
20
33
24
38
33
22
21
17
32
32
20
24
27
31
27
20
29
39
21
24
24
22
31
31
25
17
23
25
28
37
33
30
30
30
30
24
38
33
28
23
25
25
36
24
24
25
22
28
30
23
20
32
23
30
22
30
38
27
29
31
22
28
28
23
32
22
36
18
24
27
16
21
29
29
25
35
24
23
29
21
30
22
30
17
28
27
20
29
14
29
23
24
40
22
22
35
27
25
23
25
30
28
22
31
26
32
23
20
27
35
38
32
33
22
27
29
33
36
27
21
20
26
26
30
22
21
17
33
27
22
31
31
29
20
25
33
23
39
20
34
22
20
32
31
21
33
29
23
21
25
31
23
25
19
25
20
26
29
33
23
22
20
33
29
30
36
23
28
22
18
23
29
29
21
11
29
24
29
35
26
21
21
27
16
29
22
31
19
30
31
30
26
23
32
32
16
34
28
33
28
23
21
30
30
28
28
24
33
15
24
17
20
33
40
20
26
23
18
34
21
23
33
20
23
28
26
25
24
13
31
27
30
18
23
28
24
21
24
24
32
32
28
35
24
36
27
25
26
29
34
28
32
29
30
27
28
17
28
28
19
24
35
24
31
24
24
25
24
17
28
18
21
29
21
22
22
24
15
26
21
31
26
28
20
22
32
27
23
24
25
23
23
25
32
18
29
23
19
25
24
20
24
30
14
19
14
26
30
38
24
21
29
33
29
27
28
29
27
29
28
26
20
30
27
20
31
26
32
30
27
24
27
23
31
23
22
23
29
30
17
20
33
28
34
21
24
29
28
25
19
23
21
36
22
22
26
23
22
35
27
20
31
27
22
24
21
38
31
34
36
18
26
31
21
32
23
25
26
23
28
30
27
24
29
25
25
28
27
23
21
36
31
23
21
24
24
26
23
32
28
28
27
31
22
24
26
29
23
24
30
25
21
24
17
26
16
29
23
22
17
38
19
30
27
23
23
40
34
28
30
28
21
27
50
20
25
25
24
18
21
26
30
24
17
28
23
34
20
34
25
24
23
18
33
18
21
27
20
21
31
18
24
40
33
14
27
25
24
26
24
31
29
22
36
19
32
23
12
18
27
27
24
21
26
21
30
17
29
27
33
24
28
28
36
25
21
27
28
39
29
25
32
24
32
27
26
26
28
31
20
20
25
24
29
22
30
23
27
25
29
33
30
24
24
10
22
31
26
22
27
26
25
27
22
24
19
19
33
23
27
30
30
28
25
20
19
30
33
30
24
26
20
28
24
28
26
31
29
24
27
20
33
20
18
35
21
22
19
30
30
26
22
30
20
30
26
23
21
29
35
32
19
20
24
20
34
32
21
28
25
18
23
30
29
26
19
22
14
21
31
31
36
26
30
24
26
22
26
19
26
18
34
30
24
36
29
31
30
27
30
24
23
31
23
27
38
26
27
25
23
26
28
24
32
28
28
26
17
18
18
23
17
25
38
25
44
27
23
26
25
17
25
33
26
23
28
17
21
31
35
13
18
26
30
30
28
22
27
23
26
29
23
20
26
19
20
32
32
33
13
20
27
26
28
22
18
21
24
25
22
30
31
26
25
25
22
26
37
20
31
22
30
27
32
23
19
26
23
24
28
23
36
30
25
27
25
34
28
28
30
27
22
16
30
20
30
23
17
28
26
28
28
19
32
27
25
28
30
27
29
25
18
27
34
22
24
23
21
29
37
20
30
20
29
23
24
30
19
31
26
31
21
23
25
32
23
32
35
25
30
21
35
19
22
20
13
30
26
24
25
27
22
22
20
33
22
26
29
24
31
17
26
28
30
22
14
30
27
26
27
32
20
27
23
30
19
23
27
31
34
30
25
21
25
27
22
36
27
23
15
27
21
24
22
27
30
34
30
30
25
27
25
25
18
19
23
23
24
21
26
28
21
24
24
20
23
24
23
31
33
26
23
25
28
23
22
25
27
30
20
21
35
38
33
26
28
28
32
28
30
22
36
16
24
34
22
23
23
32
25
30
31
28
27
21
26
27
23
22
19
26
20
32
34
30
19
28
19
27
27
15
33
19
29
22
39
22
20
27
26
29
29
27
25
26
37
25
32
30
19
26
23
24
14
29
31
30
19
23
22
19
22
30
21
28
24
37
16
18
23
34
32
22
32
17
25
28
25
22
20
20
27
17
20
32
20
21
22
23
20
23
26
18
19
23
18
33
24
22
36
28
16
20
26
23
29
17
28
21
19
19
23
36
20
23
22
31
27
31
33
24
25
16
30
29
29
21
27
22
28
30
21
25
24
23
19
22
30
28
21
23
16
23
24
20
28
31
26
26
29
24
29
35
27
31
33
18
22
29
30
22
23
24
22
27
22
23
32
28
21
26
25
16
19
34
23
25
22
27
25
21
15
22
23
25
28
28
32
17
23
24
21
26
19
26
30
35
29
27
23
22
26
28
27
27
22
27
30
23
28
11
22
23
22
26
27
29
21
23
25
27
39
33
18
26
16
25
25
26
25
21
23
25
18
23
25
29
23
21
20
25
35
27
37
33
21
25
19
23
25
23
19
32
22
22
26
23
25
25
25
18
33
26
23
18
20
18
27
32
30
31
30
31
23
21
23
26
24
23
30
23
21
30
16
31
24
19
17
24
22
27
22
18
32
28
16
25
24
24
17
24
21
27
26
33
22
29
25
18
23
23
27
20
19
28
28
27
20
27
25
30
29
24
25
25
23
22
30
30
18
19
29
23
22
25
29
25
29
26
23
22
20
27
26
24
22
13
22
27
26
25
14
32
25
27
22
25
17
27
20
24
19
22
20
18
19
20
27
22
21
21
19
26
18
29
28
21
17
24
23
28
25
11
19
27
15
26
25
24
18
20
28
23
26
27
22
22
28
26
31
17
23
25
27
21
24
28
33
26
25
21
23
29
21
18
24
27
29
19
21
43
19
22
22
24
21
35
26
28
20
20
25
27
26
21
21
21
32
19
19
20
24
22
23
20
32
19
27
25
26
25
22
28
22
23
32
16
19
23
21
24
28
23
23
25
21
35
18
17
29
28
23
13
26
34
39
30
15
24
27
25
21
32
19
28
17
25
28
20
17
24
18
26
18
26
19
27
28
18
32
22
27
18
24
21
23
27
24
23
23
18
22
30
23
24
20
16
28
25
17
18
36
31
31
23
24
28
23
20
21
32
16
30
26
24
26
27
23
24
23
22
22
17
19
27
25
23
26
24
34
24
19
31
17
21
25
39
22
24
22
27
19
15
26
23
20
28
24
36
35
24
36
23
16
19
19
26
24
17
21
26
30
17
31
35
29
14
18
26
30
25
18
28
26
23
26
24
11
26
19
23
13
30
27
28
26
20
26
25
23
25
21
26
22
14
17
19
18
21
26
21
19
14
30
19
23
24
21
20
20
31
21
15
27
20
24
29
18
22
30
20
19
21
18
18
22
16
20
27
27
23
19
22
21
15
26
30
24
29
23
26
18
19
26
25
30
14
19
29
23
27
26
18
22
26
19
23
30
27
20
23
20
27
22
21
24
27
16
23
25
30
25
22
24
19
22
22
26
31
17
23
17
32
29
18
20
23
25
21
28
25
21
23
20
17
21
25
26
26
25
21
21
15
21
26
27
24
23
21
27
18
27
18
29
21
21
20
22
24
16
29
29
21
12
21
24
24
23
33
25
30
16
15
30
24
21
20
22
27
23
37
24
21
30
20
16
24
21
29
21
20
23
24
33
19
21
22
22
16
28
17
22
20
15
29
17
21
26
33
23
26
28
24
37
20
23
26
26
22
20
23
34
24
18
15
13
23
32
18
22
22
33
