2251
2318
2533
2345
2878
2484
2450
2647
2440
2533
2370
3473
2795
2462
2292
2321
2403
2483
2527
2433
2440
2466
2575
2551
2895
2791
2941
2532
3153
2542
2800
3191
3026
2950
3010
3324
2798
2836
2922
2726
3089
2985
2825
2816
2701
2673
2731
2693
2714
3371
2664
2724
2766
2873
2643
2778
2976
2906
2708
2682
2811
2727
2736
3574
2907
3005
3919
3071
3022
3062
3250
3261
3181
2816
2790
3522
2892
2793
3240
2910
2881
3083
3169
3513
3311
3526
4038
3517
2905
3561
3380
2812
4001
4625
3100
3587
3996
3700
3328
3091
