1 1457 k: 50
2 1300 k: 100
3 1174 k: 150
4 1123 k: 200
5 1131 k: 250
6 1023 k: 300
7 1017 k: 350
8 1011 k: 400
9 1006 k: 450
10 1078 k: 500
11 915 k: 550
12 897 k: 600
13 981 k: 650
14 892 k: 700
15 923 k: 750
16 893 k: 800
17 902 k: 850
18 916 k: 900
19 959 k: 950
20 943 k: 1000
21 938 k: 1050
22 943 k: 1100
23 833 k: 1150
24 825 k: 1200
25 823 k: 1250
26 834 k: 1300
27 860 k: 1350
28 849 k: 1400
29 861 k: 1450
30 865 k: 1500
31 837 k: 1550
32 801 k: 1600
33 809 k: 1650
34 804 k: 1700
35 826 k: 1750
36 850 k: 1800
37 810 k: 1850
38 835 k: 1900
39 817 k: 1950
40 826 k: 2000
41 822 k: 2050
42 822 k: 2100
43 824 k: 2150
44 830 k: 2200
45 827 k: 2250
46 869 k: 2300
47 853 k: 2350
48 726 k: 2400
49 730 k: 2450
50 714 k: 2500
51 706 k: 2550
52 707 k: 2600
53 720 k: 2650
54 705 k: 2700
55 709 k: 2750
56 703 k: 2800
57 723 k: 2850
58 708 k: 2900
59 716 k: 2950
60 864 k: 3000
61 699 k: 3050
62 695 k: 3100
63 697 k: 3150
64 696 k: 3200
65 711 k: 3250
66 715 k: 3300
67 718 k: 3350
68 704 k: 3400
69 721 k: 3450
70 695 k: 3500
71 713 k: 3550
72 723 k: 3600
73 729 k: 3650
74 733 k: 3700
75 730 k: 3750
76 721 k: 3800
77 723 k: 3850
78 727 k: 3900
79 733 k: 3950
80 727 k: 4000
81 727 k: 4050
82 713 k: 4100
83 784 k: 4150
84 751 k: 4200
85 814 k: 4250
86 733 k: 4300
87 851 k: 4350
88 741 k: 4400
89 732 k: 4450
90 736 k: 4500
91 733 k: 4550
92 739 k: 4600
93 738 k: 4650
94 735 k: 4700
95 739 k: 4750
96 733 k: 4800
97 739 k: 4850
98 741 k: 4900
99 730 k: 4950
100 726 k: 5000
101 727 k: 5050
102 612 k: 5100
103 611 k: 5150
104 604 k: 5200
105 604 k: 5250
106 603 k: 5300
107 602 k: 5350
108 618 k: 5400
109 599 k: 5450
110 596 k: 5500
111 595 k: 5550
112 599 k: 5600
113 596 k: 5650
114 593 k: 5700
115 606 k: 5750
116 593 k: 5800
117 598 k: 5850
118 599 k: 5900
119 597 k: 5950
120 596 k: 6000
121 594 k: 6050
122 604 k: 6100
123 613 k: 6150
124 598 k: 6200
125 593 k: 6250
126 619 k: 6300
127 603 k: 6350
128 600 k: 6400
129 592 k: 6450
130 620 k: 6500
131 595 k: 6550
132 591 k: 6600
133 577 k: 6650
134 578 k: 6700
135 586 k: 6750
136 616 k: 6800
137 601 k: 6850
138 592 k: 6900
139 587 k: 6950
140 579 k: 7000
141 575 k: 7050
142 575 k: 7100
143 582 k: 7150
144 574 k: 7200
145 600 k: 7250
146 603 k: 7300
147 592 k: 7350
148 581 k: 7400
149 586 k: 7450
150 575 k: 7500
151 593 k: 7550
152 572 k: 7600
153 607 k: 7650
154 575 k: 7700
155 578 k: 7750
156 573 k: 7800
157 585 k: 7850
158 606 k: 7900
159 586 k: 7950
160 571 k: 8000
161 571 k: 8050
162 601 k: 8100
163 569 k: 8150
164 565 k: 8200
165 612 k: 8250
166 642 k: 8300
167 571 k: 8350
168 579 k: 8400
169 596 k: 8450
170 559 k: 8500
171 558 k: 8550
172 562 k: 8600
173 567 k: 8650
174 565 k: 8700
175 549 k: 8750
176 555 k: 8800
177 558 k: 8850
178 550 k: 8900
179 548 k: 8950
180 569 k: 9000
181 567 k: 9050
182 565 k: 9100
183 571 k: 9150
184 575 k: 9200
185 570 k: 9250
186 562 k: 9300
187 554 k: 9350
188 546 k: 9400
189 552 k: 9450
190 576 k: 9500
191 560 k: 9550
192 552 k: 9600
193 554 k: 9650
194 546 k: 9700
195 558 k: 9750
196 570 k: 9800
197 560 k: 9850
198 532 k: 9900
199 532 k: 9950
200 533 k: 10000
