3895
4001
4207
4033
4384
3932
4116
4693
4163
4459
5767
4851
4437
4685
4117
4072
4215
4479
4063
4041
4200
4538
4868
4731
4496
4540
4502
5184
4911
4779
5639
5531
4628
4940
6734
5927
5310
4762
4913
4639
4858
4974
4816
5519
4958
4813
6412
4672
5496
6082
4698
5088
4856
4869
4605
4643
5857
4883
4845
5100
5545
4839
4909
4929
6379
7194
6022
5632
6043
5278
5140
5622
4956
4834
4966
6117
5423
4901
5571
5226
5290
5913
5698
6446
6298
6812
7030
6212
5921
6537
5447
6213
7841
7069
5631
6243
7538
8551
6253
7824
